
       0
       0
      47
    1482
    1380
    1628
    2840
    2491
    3494
    5492
   16183
   18522
    8071
    3554
    1522
    1555
    1507
    1521
    1540
    1582
    1521
    1463
    1500
    1478
    1633
    1668
    1606
    1547
    1556
    1489
    1422
    1483
    1370
    1425
    1290
    1296
    1243
    1217
    1225
    1189
    1175
    1156
    1216
    1172
    1168
    1097
    1095
    1154
    1099
    1071
     935
     839
     793
     719
     661
     654
     572
     590
     516
     517
     481
     447
     480
     473
     448
     435
     386
     389
     377
     420
     396
     455
     501
     702
    1162
    1683
    2248
    2796
    3246
    3238
    2701
    2081
    1299
     926
     473
     374
     280
     213
     262
     248
     216
     226
     218
     225
     244
     217
     188
     220
     213
     233
     209
     217
     234
     221
     200
     220
     228
     221
     219
     211
     220
     233
     209
     219
     216
     214
     187
     163
     160
     162
     142
     114
     102
     102
      88
      84
      76
      72
      90
      78
      67
      52
      46
      55
      39
      52
      44
      41
      55
      56
      40
      37
      59
      40
      43
      62
      76
     103
     143
     223
     277
     348
     442
     550
     637
     697
     723
     735
     728
     611
     523
     444
     345
     237
     162
     100
      86
      48
      35
      30
      32
      36
      24
      25
      15
      23
      15
      23
      15
      20
      20
      14
      13
      18
      11
      14
      17
       8
      22
      22
      19
      17
      25
      26
      13
      18
      12
      20
      20
      16
      16
      19
      12
      14
      13
      15
       8
      19
      18
      14
       7
      28
      16
      18
      21
      18
      20
      19
      25
      27
      34
      28
      27
      29
      29
      25
      24
      26
      20
      13
      15
      24
      17
      14
      10
       9
       7
       7
       4
       8
      11
       5
       8
       3
      10
       6
       8
       7
       5
       9
       2
       5
       4
       7
       5
       4
       5
       6
       5
       6
       3
       5
       4
       7
       8
       2
       5
      10
      12
       9
      19
      18
      15
      16
      15
      23
      30
      41
      37
      23
      36
      21
      27
      27
      16
      22
       8
      13
      16
      10
       8
       2
       3
       4
       5
       0
       0
       2
       1
       2
       1
       0
       0
       3
       0
       1
       0
       1
       1
       2
       3
       0
       2
       2
       1
       5
       3
       0
       1
       1
       1
       1
       1
       1
       2
       1
       5
       2
       0
       2
       2
       0
       2
       2
       4
       2
       3
       2
       0
       3
       3
       3
       2
       2
       2
       3
       2
       0
       0
       3
       0
       0
       1
       0
       2
       1
       2
       4
       2
       0
       2
       3
       0
       2
       1
       2
       0
       1
       3
       2
       1
       1
       0
       2
       1
       0
       1
       0
       2
       0
       1
       1
       2
       0
       1
       1
       0
       1
       0
       0
       1
       0
       0
       0
       1
       1
       0
       1
       0
       2
       0
       0
       0
       1
       0
       1
       1
       1
       0
       1
       1
       1
       0
       0
       0
       0
       0
       1
       1
       1
       2
       3
       0
       1
       1
       0
       2
       2
       4
       0
       2
       5
       1
       1
       3
       1
       2
       2
       2
       1
       0
       2
       0
       0
       1
       0
       0
       0
       1
       0
       0
       0
       0
       0
       0
       0
       0
       0
       0
       0
       0
       0
       0
       0
       0
       0
       0
       0
       0
       0
       0
       1
       0
       0
       0
       0
       0
       0
       0
       0
       0
       0
       0
       1
       0
       0
       0
       0
       0
       0
       0
       0
       0
       0
       0
       0
       0
       0
       0
       0
       0
       0
       0
       0
       0
       0
       0
       0
       0
       0
       0
       0
       0
       0
       0
       0
       0
       0
       0
       0
       0
       0
       0
       0
       0
       0
       0
       0
       0
       0
       0
       0
       0
       0
       0
       0
       0
       0
       0
       1
       0
       0
       0
       0
       0
       0
       0
       0
       0
       0
       0
       0
       0
       0
       0
       0
       0
       1
       0
       0
       0
       0
       1
       0
       0
       0
       0
       0
       1
       1
       0
       0
       0
       0
       0
       0
       0
       1
       0
       0
       1
       0
       0
       0
       0
       0
       0
       0
       0
       0
       0
       0
       0
       0
       0
       0
       0
       0
       0
       0
       0
       0
       0
       0
       0
       0
       0
       0
       0
       0
       0
       0
       0
       0
       0
       0
       0
       0
       0
       0
       0
       0
       0
       0
       0
       0
       0
       0
       0
       0
       0
       0
       1
       1
       0
       0
       0
       0
       0
       0
       0
       0
       0
       0
       0
       0
       0
       0
       0
       1
       0
       0
       0
       0
       0
       0
       0
       0
       0
       0
       0
       0
       0
       0
       0
       0
       0
       0
       0
       0
       0
       0
       0
       0
       0
       0
       0
       0
       0
       0
       0
       0
       0
       0
       0
       0
       0
       0
       0
       0
       0
       0
       0
       0
       0
       0
       0
       0
       0
       0
       0
       0
       0
       0
       0
       0
       0
       0
       1
       0
       0
       0
       0
       0
       0
       0
       0
       0
       0
       0
       0
       0
       0
       0
       0
       0
       0
       0
       0
       0
       0
       0
       0
       0
       0
       0
       0
       0
       0
       0
       0
       0
       0
       0
       0
       0
       0
       0
       0
       0
       0
       0
       0
       0
       0
       0
       0
       0
       0
       0
       0
       0
       0
       0
       0
       0
       0
       0
       0
       0
       0
       0
       0
       0
       0
       0
       0
       0
       0
       0
       0
       0
       0
       0
       0
       0
       0
       0
       0
       0
       0
       0
       1
       0
       0
       0
       0
       0
       0
       0
       0
       0
       0
       0
       0
       0
       0
       0
       0
       0
       0
       0
       0
       0
       0
       0
       0
       0
       0
       0
       0
       0
       0
       0
       0
       0
       0
       0
       0
       0
       0
       1
       0
       0
       0
       0
       0
       0
       0
       0
       0
       0
       0
       0
       0
       0
       0
       0
       0
       1
       0
       0
       0
       1
       0
       0
       0
       0
       0
       0
       0
       0
       0
       0
       0
       0
       0
       0
       0
       0
       0
       0
       0
       0
       0
       0
       0
       0
       0
       0
       0
       0
       0
       0
       0
       0
       0
       0
       0
       0
       0
       0
       0
       0
       0
       0
       0
       0
       0
       0
       0
       1
       0
       0
       0
       0
       0
       0
       0
       0
       0
       0
       0
       0
       0
       0
       0
       0
       0
       0
       0
       0
       0
       0
       0
       0
       0
       0
       0
       0
       0
       1
       1
       0
       0
       0
       0
       0
       0
       1
       0
       0
       0
       0
       0
       0
       0
       2
       0
       0
       0
       0
       0
       0
       0
       0
       0
       0
       0
       0
       0
       0
       0
       1
       0
       0
       0
       0
       0
       0
       0
       0
       0
       0
       0
       0
       0
       0
       0
       0
       0
       0
       0
       0
       0
       0
       0
       1
       0
       0
       0
       0
       0
       0
       0
       0
       0
       0
       0
       0
       0
       0
       0
       0
       0
       0
       0
       0
       0
       0
       0
       0
       0
       0
       0
       0
       0
       0
       0
       0
       0
       0
       0
       0
