
       0
       0
       8
     417
     391
     340
     461
     573
     793
    1078
    1356
    1371
    1061
     848
     773
     767
     801
     789
     779
     760
     729
     719
     662
     626
     658
     648
     641
     573
     607
     537
     469
     521
     540
     479
     417
     395
     354
     340
     356
     347
     330
     288
     277
     291
     317
     298
     271
     264
     276
     234
     220
     246
     182
     184
     197
     165
     185
     163
     157
     172
     143
     140
     156
     159
     166
     160
     144
     147
     168
     146
     157
     156
     144
     163
     140
     187
     185
     197
     201
     213
     204
     165
     143
     136
     117
     102
      98
      83
      99
      86
      88
      60
      70
      77
      77
      76
      71
      77
      62
      74
      88
      70
      65
      66
      80
      76
      63
      64
      70
      63
      72
      64
      61
      80
      68
      60
      67
      66
      49
      56
      40
      45
      30
      41
      48
      50
      39
      37
      37
      55
      30
      27
      35
      37
      40
      26
      33
      32
      41
      30
      20
      32
      39
      27
      25
      33
      38
      31
      30
      53
      57
      74
      83
      90
     117
     120
     119
     118
     114
     103
      89
      74
      57
      34
      29
      32
      18
      17
      21
      21
      13
       8
      13
      10
      14
      13
       8
       9
      10
      10
      12
      21
      11
       8
      17
      10
      10
      13
       7
      15
       7
      12
       8
      13
      18
       5
      13
       8
       9
       6
       6
       5
      11
       3
       9
       7
       3
       6
       7
       8
      12
       7
       5
       9
       6
       6
      13
      22
       8
      13
      10
      16
      10
      21
      19
      17
      24
      15
      16
      12
      15
       9
      10
       4
       4
       3
      10
       6
       5
       1
       4
       7
       7
       5
       3
       2
       3
       7
       6
       2
       1
       6
       2
       2
       3
       4
       4
       1
       1
       4
       3
       1
       2
       4
       6
       2
       1
       1
       2
       5
       7
       6
      10
       5
       5
      13
       7
      11
      15
      12
       8
      11
       7
       7
       6
       8
      12
       6
       5
       1
       2
       4
       2
       1
       1
       3
       1
       4
       1
       2
       0
       1
       3
       1
       0
       2
       4
       1
       1
       1
       2
       2
       3
       2
       3
       3
       0
       0
       1
       1
       2
       3
       1
       0
       2
       1
       2
       0
       0
       2
       2
       1
       0
       4
       0
       2
       0
       3
       4
       4
       2
       1
       2
       1
       1
       2
       1
       2
       3
       1
       3
       3
       1
       3
       4
       1
       2
       0
       3
       2
       1
       3
       0
       0
       1
       3
       0
       0
       3
       0
       0
       1
       2
       3
       1
       2
       0
       0
       0
       0
       2
       0
       0
       0
       1
       1
       0
       1
       0
       2
       1
       0
       0
       2
       0
       1
       0
       1
       0
       0
       0
       0
       0
       0
       0
       0
       0
       2
       1
       0
       0
       0
       0
       0
       1
       0
       0
       2
       1
       0
       2
       1
       1
       0
       3
       2
       1
       4
       2
       4
       1
       0
       2
       2
       3
       0
       2
       1
       1
       0
       1
       1
       1
       1
       1
       0
       1
       0
       0
       1
       0
       0
       0
       0
       0
       0
       0
       0
       0
       1
       0
       1
       0
       0
       0
       0
       0
       0
       0
       1
       0
       1
       0
       0
       0
       0
       0
       0
       1
       0
       0
       0
       0
       0
       0
       0
       0
       0
       0
       0
       0
       0
       0
       0
       0
       0
       0
       0
       0
       0
       0
       0
       0
       0
       1
       0
       0
       0
       0
       0
       0
       0
       0
       0
       0
       0
       1
       0
       0
       0
       0
       0
       0
       0
       0
       0
       0
       0
       0
       0
       0
       0
       1
       0
       0
       0
       0
       1
       0
       0
       0
       0
       0
       0
       0
       0
       0
       0
       0
       0
       0
       0
       0
       0
       0
       0
       0
       0
       0
       0
       0
       0
       0
       0
       0
       0
       0
       0
       0
       1
       0
       0
       0
       0
       0
       0
       0
       1
       0
       1
       0
       0
       0
       1
       0
       0
       0
       0
       0
       0
       0
       0
       0
       0
       0
       0
       0
       0
       0
       0
       0
       0
       0
       0
       0
       0
       0
       0
       0
       0
       0
       0
       0
       1
       0
       0
       0
       0
       0
       0
       1
       1
       0
       0
       0
       0
       0
       0
       0
       0
       0
       0
       0
       0
       0
       0
       0
       0
       0
       0
       0
       0
       0
       0
       0
       0
       0
       0
       0
       0
       0
       0
       0
       0
       0
       0
       0
       0
       0
       0
       0
       1
       0
       0
       0
       0
       0
       0
       0
       0
       0
       0
       1
       0
       0
       0
       0
       1
       0
       0
       0
       0
       0
       0
       0
       0
       0
       0
       0
       0
       0
       0
       0
       0
       0
       0
       0
       0
       1
       0
       0
       1
       0
       0
       0
       0
       0
       0
       0
       0
       0
       0
       0
       0
       0
       0
       0
       0
       0
       0
       0
       0
       0
       0
       1
       0
       0
       0
       0
       0
       0
       0
       0
       0
       0
       0
       0
       0
       0
       0
       0
       0
       0
       0
       1
       0
       0
       0
       0
       0
       0
       0
       0
       1
       0
       0
       0
       0
       0
       0
       0
       0
       1
       0
       0
       0
       0
       0
       0
       0
       0
       0
       0
       0
       0
       0
       0
       0
       0
       1
       0
       0
       0
       0
       0
       0
       0
       0
       0
       0
       0
       0
       0
       0
       0
       0
       0
       0
       0
       0
       0
       0
       0
       0
       0
       0
       0
       0
       0
       0
       0
       0
       0
       0
       1
       0
       0
       0
       0
       0
       0
       0
       0
       0
       0
       0
       1
       0
       0
       0
       0
       0
       0
       0
       0
       0
       0
       0
       0
       0
       0
       0
       0
       0
       0
       0
       0
       0
       0
       0
       0
       0
       0
       0
       0
       0
       1
       0
       0
       0
       0
       0
       0
       0
       0
       0
       0
       0
       0
       0
       0
       0
       0
       0
       0
       0
       0
       0
       0
       0
       0
       0
       1
       0
       0
       0
       0
       0
       0
       0
       0
       0
       0
       1
       0
       0
       0
       0
       0
       0
       0
       0
       0
       0
       0
       0
       0
       0
       0
       0
       0
       0
       0
       0
       0
       0
       0
       0
       0
       0
       0
       0
       0
       0
       0
       0
       0
       0
       0
       0
       0
       0
       0
       0
       0
       0
       0
       0
       0
       1
       0
       0
       0
       0
       0
       0
       0
       0
       0
       0
       0
       0
       0
       0
       0
       0
       0
       0
       0
       0
       0
       0
       0
       0
       0
       0
       0
       1
       0
       0
       0
       0
       0
       0
       0
       0
       0
       0
       0
       0
       0
       0
       1
       0
       0
       0
       0
       0
       0
       0
       0
       0
       0
       0
       0
       0
       0
       0
       0
       0
       0
       0
       0
       0
       0
       0
       0
       0
       0
       0
       0
       0
       0
       0
       0
       0
       0
       0
       0
       0
       0
       0
       0
       0
