
       0
       0
      30
    1072
     875
     910
    1201
    1169
    1523
    1869
    3885
    4240
    2942
    1828
    1365
    1325
    1377
    1251
    1343
    1247
    1273
    1246
    1177
    1230
    1318
    1342
    1333
    1238
    1338
    1267
    1215
    1255
    1107
    1082
    1047
    1038
    1016
     989
     952
     938
     909
     914
     889
     846
     939
     901
     895
     909
     873
     793
     751
     692
     675
     551
     540
     536
     448
     472
     423
     456
     457
     383
     395
     380
     374
     359
     379
     341
     350
     384
     329
     390
     472
     611
     920
    1295
    1920
    2318
    2643
    2535
    2219
    1735
    1154
     673
     452
     329
     239
     226
     196
     204
     195
     202
     198
     191
     198
     195
     207
     206
     153
     187
     184
     185
     187
     192
     192
     209
     167
     179
     213
     231
     207
     204
     179
     194
     178
     165
     165
     174
     156
     158
     133
      97
     104
     105
      88
      89
      78
      74
      73
      75
      62
      59
      69
      65
      50
      49
      42
      49
      38
      42
      31
      43
      32
      37
      56
      54
      73
      80
     114
     175
     262
     326
     368
     423
     527
     565
     610
     667
     627
     554
     424
     380
     298
     228
     161
     121
      74
      60
      44
      25
      34
      18
      24
      16
      15
      15
      16
      22
      19
      18
      23
      21
      14
      23
      21
      13
      14
      11
      14
      12
      13
      17
      14
      21
      14
      13
      10
       6
      12
       5
      13
      11
      16
      16
      14
       9
      10
      11
      13
      13
      19
      14
      19
      12
      14
      10
      16
      19
      18
      14
      27
      31
      23
      26
      23
      27
      20
      21
      30
      18
      17
      19
      14
      16
      15
      13
       6
       8
       4
       9
       7
       7
       4
       5
       4
       5
       6
       9
       2
       6
       9
       6
       3
       1
       4
       5
       3
       4
       3
       7
       2
       5
       1
       7
       6
       3
       2
       5
      12
       6
      11
      13
      17
      15
      25
      25
      14
      30
      25
      27
      24
      29
      21
      19
      15
      10
      15
       9
       6
       8
       6
       3
       5
       3
       4
       4
       1
       3
       5
       2
       0
       1
       1
       1
       1
       4
       1
       1
       0
       0
       1
       2
       2
       0
       2
       0
       2
       0
       1
       1
       0
       0
       0
       0
       2
       0
       1
       2
       0
       1
       1
       0
       0
       1
       1
       2
       2
       2
       3
       1
       4
       3
       1
       2
       3
       2
       2
       2
       3
       5
       1
       0
       0
       3
       1
       2
       1
       4
       3
       2
       1
       0
       0
       2
       1
       3
       1
       0
       2
       2
       0
       0
       0
       1
       3
       2
       1
       2
       2
       1
       1
       1
       2
       1
       3
       1
       3
       0
       4
       0
       0
       1
       0
       1
       0
       1
       1
       1
       0
       0
       1
       0
       0
       0
       1
       0
       0
       0
       1
       0
       0
       0
       1
       0
       0
       2
       0
       1
       0
       1
       3
       3
       1
       1
       1
       0
       4
       1
       3
       2
       2
       4
       0
       4
       1
       2
       7
       0
       1
       0
       2
       0
       0
       1
       1
       1
       0
       0
       0
       0
       0
       0
       0
       0
       0
       1
       0
       0
       0
       0
       1
       0
       0
       1
       0
       0
       0
       0
       0
       0
       0
       0
       0
       0
       0
       0
       0
       0
       0
       0
       0
       0
       0
       0
       0
       0
       0
       0
       0
       0
       0
       0
       0
       0
       0
       0
       0
       1
       0
       0
       0
       0
       0
       1
       0
       0
       1
       0
       0
       0
       0
       0
       0
       0
       0
       0
       0
       0
       0
       0
       0
       0
       0
       0
       0
       0
       0
       0
       0
       0
       0
       0
       0
       0
       0
       0
       1
       0
       0
       0
       1
       0
       0
       0
       1
       1
       0
       0
       0
       0
       0
       0
       0
       0
       0
       0
       0
       0
       0
       0
       0
       0
       0
       0
       0
       0
       0
       0
       0
       0
       0
       0
       0
       0
       0
       0
       0
       0
       0
       1
       0
       0
       0
       0
       0
       0
       0
       0
       0
       0
       0
       0
       0
       0
       0
       0
       0
       0
       0
       1
       0
       0
       0
       0
       0
       0
       0
       0
       0
       0
       0
       0
       0
       0
       0
       0
       0
       0
       0
       0
       0
       0
       0
       0
       0
       0
       0
       0
       0
       0
       0
       0
       0
       0
       0
       0
       0
       0
       0
       0
       0
       0
       0
       0
       0
       1
       0
       0
       0
       0
       0
       0
       0
       0
       1
       0
       0
       0
       0
       0
       0
       0
       0
       0
       0
       0
       0
       0
       0
       0
       0
       0
       0
       0
       0
       0
       0
       0
       0
       0
       0
       0
       0
       0
       0
       0
       0
       0
       0
       0
       0
       0
       0
       0
       0
       0
       0
       0
       0
       0
       0
       0
       0
       0
       0
       1
       0
       0
       0
       0
       0
       0
       1
       0
       1
       0
       0
       0
       0
       0
       0
       0
       0
       0
       0
       0
       0
       0
       1
       0
       0
       0
       0
       0
       0
       0
       0
       0
       0
       0
       0
       0
       0
       0
       0
       0
       0
       0
       0
       0
       0
       0
       0
       0
       0
       0
       0
       0
       0
       0
       1
       0
       0
       0
       0
       1
       0
       0
       0
       0
       0
       0
       0
       0
       0
       0
       0
       0
       0
       0
       0
       0
       0
       0
       0
       0
       0
       0
       0
       0
       0
       0
       0
       0
       0
       0
       0
       0
       0
       0
       0
       0
       0
       0
       0
       0
       0
       0
       0
       0
       0
       0
       0
       0
       0
       0
       0
       0
       0
       0
       0
       0
       0
       0
       0
       0
       1
       0
       0
       0
       0
       0
       0
       0
       0
       0
       0
       0
       0
       0
       0
       0
       0
       0
       0
       0
       0
       0
       0
       0
       0
       0
       0
       0
       0
       0
       0
       0
       0
       0
       0
       0
       0
       0
       0
       0
       0
       0
       0
       0
       0
       0
       0
       0
       0
       0
       0
       0
       0
       0
       0
       1
       0
       0
       0
       0
       0
       0
       0
       0
       0
       0
       0
       0
       0
       0
       0
       0
       0
       0
       0
       1
       0
       0
       0
       0
       0
       0
       0
       0
       0
       0
       0
       0
       0
       0
       0
       0
       0
       0
       0
       0
       0
       0
       0
       0
       0
       0
       0
       0
       0
       0
       0
       0
       0
       0
       0
       0
       1
       0
       0
       0
       1
       0
       0
       0
       0
       0
       0
       0
       0
       0
       0
       0
       0
       0
       0
       0
       0
       0
       0
       0
       0
       0
       0
       0
       0
       0
       0
       0
       0
       0
       0
       0
       0
       0
       0
       0
       0
       0
       0
       0
       0
       0
       0
       0
       0
       0
       0
       0
       0
       1
       0
       0
       0
       0
       0
       0
       0
       0
       0
       0
       0
       0
       0
       0
       0
       0
       0
       0
       0
       0
       0
       0
       0
       0
       0
       0
       0
       0
       0
       0
       0
       0
