
       0
       0
       3
     225
     191
     182
     272
     327
     451
     535
     825
     960
     857
     764
     714
     785
     651
     721
     707
     616
     606
     562
     523
     505
     460
     433
     406
     360
     359
     363
     336
     349
     336
     299
     304
     234
     225
     226
     219
     182
     199
     202
     168
     152
     161
     168
     150
     150
     124
     116
     109
      97
      81
      86
      85
      81
      70
      73
      70
      81
      71
      61
      64
      67
      68
      56
      49
      71
      63
      54
      66
      62
      51
      40
      46
      41
      48
      51
      64
      54
      42
      46
      51
      60
      45
      50
      42
      22
      32
      31
      26
      26
      18
      27
      22
      25
      37
      28
      30
      22
      21
      22
      25
      22
      26
      23
      28
      14
      34
      20
      25
      22
      25
      21
      15
      20
      17
      20
      17
      20
      24
      24
      20
      20
      23
      16
      15
      15
      25
      16
      17
      19
      22
      14
      17
      21
      14
      11
      20
      22
      16
      14
      19
      20
      12
      11
      16
      10
      11
      11
       7
      15
      10
      18
      10
       8
      12
      11
      12
      15
      11
      14
      12
      15
      16
      13
      10
      15
      15
      12
       8
      10
       7
       8
      11
      12
       9
       6
      12
      10
       7
      11
      13
       9
       5
       9
       6
      10
       3
       1
      10
       2
       4
       8
       3
       3
       9
       4
      10
       6
       1
       6
       9
       6
       5
       5
       3
       3
       8
       7
       6
       8
       5
       6
       7
       6
       8
       5
      13
      12
      23
      18
      13
      11
      19
      17
      19
      13
      15
      16
      14
       9
       7
       4
       4
       6
       4
       4
       6
       2
       2
       4
       3
       4
       0
       5
       5
       1
       4
       6
       1
       2
       6
       2
       3
       1
       1
       2
       3
       3
       1
       0
       4
       4
       3
       0
       2
       5
       2
       5
       4
       2
       2
       0
       3
       5
       3
       4
       4
       4
       3
       3
       4
       2
       0
       2
       2
       2
       0
       1
       0
       2
       3
       5
       3
       0
       0
       0
       3
       1
       1
       1
       2
       2
       2
       1
       0
       0
       0
       1
       0
       1
       0
       3
       2
       3
       1
       0
       3
       4
       1
       1
       1
       1
       1
       0
       0
       0
       1
       0
       1
       2
       0
       1
       1
       1
       3
       1
       1
       1
       5
       1
       3
       2
       1
       2
       1
       1
       0
       1
       0
       3
       1
       1
       1
       1
       2
       3
       2
       4
       0
       1
       2
       1
       0
       3
       2
       1
       1
       1
       2
       2
       2
       0
       3
       1
       1
       4
       1
       1
       0
       0
       0
       0
       3
       1
       0
       1
       2
       1
       2
       0
       2
       1
       1
       1
       0
       0
       2
       0
       0
       1
       0
       0
       0
       0
       1
       0
       1
       0
       1
       0
       0
       1
       0
       0
       1
       1
       1
       0
       0
       1
       1
       0
       1
       3
       1
       3
       1
       0
       3
       2
       1
       5
       2
       0
       1
       0
       0
       1
       1
       0
       0
       0
       1
       1
       1
       0
       0
       3
       0
       0
       0
       0
       0
       0
       0
       0
       0
       0
       0
       0
       1
       0
       0
       0
       0
       0
       0
       1
       0
       1
       0
       0
       0
       0
       0
       0
       0
       0
       0
       0
       0
       1
       0
       0
       0
       0
       0
       0
       0
       0
       0
       0
       0
       0
       0
       0
       0
       1
       0
       0
       0
       0
       1
       0
       0
       0
       0
       0
       0
       0
       1
       0
       0
       0
       0
       0
       0
       0
       0
       0
       0
       0
       0
       0
       1
       0
       0
       0
       0
       0
       1
       0
       0
       0
       0
       0
       0
       0
       1
       0
       0
       0
       0
       0
       0
       0
       0
       0
       0
       0
       0
       0
       0
       0
       0
       0
       0
       0
       0
       0
       0
       0
       0
       0
       0
       0
       1
       0
       0
       0
       0
       0
       1
       0
       0
       0
       0
       0
       0
       0
       0
       0
       0
       0
       0
       0
       0
       0
       0
       0
       0
       0
       0
       0
       0
       0
       0
       0
       0
       0
       0
       0
       0
       0
       0
       0
       0
       0
       0
       0
       0
       0
       0
       0
       0
       0
       0
       0
       0
       0
       0
       0
       0
       0
       0
       0
       0
       0
       0
       0
       0
       0
       0
       0
       0
       0
       0
       0
       0
       0
       0
       0
       0
       0
       0
       0
       0
       0
       0
       0
       0
       0
       0
       0
       0
       0
       0
       0
       0
       0
       0
       0
       0
       0
       0
       0
       0
       0
       0
       0
       0
       0
       0
       0
       1
       0
       0
       0
       0
       0
       0
       0
       0
       0
       0
       0
       0
       0
       0
       0
       0
       0
       0
       0
       0
       0
       0
       0
       0
       0
       0
       0
       0
       0
       0
       0
       0
       0
       0
       0
       0
       0
       0
       0
       0
       0
       1
       0
       0
       0
       0
       0
       0
       0
       0
       0
       0
       0
       0
       0
       0
       0
       0
       0
       0
       0
       0
       0
       0
       0
       0
       0
       0
       0
       0
       0
       0
       0
       1
       0
       0
       0
       0
       0
       0
       0
       0
       0
       0
       0
       0
       0
       0
       0
       0
       0
       0
       0
       0
       0
       0
       0
       0
       0
       0
       0
       0
       0
       0
       0
       0
       0
       0
       0
       0
       0
       1
       0
       0
       0
       0
       0
       0
       0
       0
       0
       0
       0
       0
       0
       0
       0
       0
       0
       0
       0
       0
       0
       0
       0
       0
       0
       0
       0
       1
       0
       0
       0
       0
       0
       0
       0
       0
       1
       0
       0
       0
       0
       0
       0
       0
       0
       0
       0
       0
       0
       1
       0
       0
       0
       0
       0
       0
       0
       0
       0
       0
       0
       0
       0
       0
       0
       0
       0
       0
       0
       0
       0
       0
       0
       0
       0
       0
       0
       0
       1
       0
       0
       0
       0
       0
       0
       0
       0
       0
       0
       0
       0
       0
       0
       0
       0
       0
       0
       0
       0
       0
       0
       0
       0
       0
       0
       0
       0
       0
       1
       0
       0
       0
       0
       0
       0
       0
       0
       0
       0
       0
       0
       0
       0
       0
       0
       0
       0
       0
       0
       0
       0
       0
       0
       0
       0
       0
       1
       0
       1
       0
       0
       0
       0
       0
       0
       0
       0
       0
       0
       1
       0
       0
       0
       0
       0
       0
       0
       0
       0
       0
       0
       0
       0
       0
       0
       0
       0
       0
       0
       0
       0
       0
       0
       0
       0
       0
       0
       0
       0
       0
       1
       0
       0
       0
       0
       0
       0
       0
       0
       0
       0
       0
       1
       0
       0
       0
       0
       0
       0
       0
       0
       0
       0
       0
       0
       0
       0
       0
       0
       0
       0
       0
       0
       0
       0
       1
       0
       0
       0
       0
       0
       0
       0
       0
       0
       0
       0
       0
       0
       0
       0
       0
       0
       0
       0
