
       0
       0
       4
     234
     179
     204
     311
     311
     436
     547
     830
     888
     831
     730
     669
     684
     684
     682
     610
     585
     547
     551
     527
     488
     457
     425
     419
     406
     408
     372
     373
     358
     358
     337
     266
     263
     246
     217
     216
     206
     180
     168
     172
     160
     165
     149
     160
     151
     143
     114
     106
     106
      90
     114
     100
      84
      79
      67
      67
      69
      69
      76
      68
      59
      53
      59
      61
      73
      60
      57
      70
      60
      66
      47
      48
      53
      58
      38
      46
      43
      56
      41
      53
      40
      41
      48
      37
      34
      38
      28
      20
      31
      26
      22
      34
      30
      23
      18
      21
      31
      28
      24
      21
      23
      14
      26
      33
      19
      29
      21
      17
      23
      18
      16
      27
      18
      20
      31
      24
      15
      13
      24
      18
      23
      15
      24
      23
      19
      20
      18
      23
      19
      16
      23
      22
      12
      13
      18
       7
      12
      17
      14
      19
      16
      14
      13
      15
      10
       9
       8
       7
      12
      13
       7
      14
      14
      11
      10
      18
      12
      15
      13
      12
      14
      13
      10
      15
      18
      15
      19
       8
      13
      12
       9
      10
       6
       9
      12
      10
       6
       8
      12
      14
       8
       8
       7
       3
      10
       6
       6
       8
       9
       7
       4
       4
       8
       8
       1
       7
       6
       5
       2
       6
       5
       4
       6
       7
       6
       6
       7
       7
       4
       5
       6
       4
       9
      10
       6
       9
      16
      10
      14
      18
      13
      14
      12
      19
      10
      13
      10
      11
       8
       6
       7
       3
       5
       2
       2
       3
       3
       7
       5
       2
       5
       2
       3
       1
       3
       5
       1
       3
       1
       2
       0
       3
       4
       2
       2
       3
       2
       3
       0
       2
       3
       0
       2
       5
       3
       1
       4
       3
       2
       3
       4
       5
       7
       4
       3
       2
       5
       2
       1
       2
       5
       2
       1
       1
       4
       3
       2
       0
       0
       5
       3
       2
       5
       3
       1
       3
       1
       2
       1
       2
       0
       0
       0
       0
       1
       3
       2
       2
       3
       1
       2
       1
       1
       2
       2
       0
       5
       3
       3
       3
       1
       1
       1
       0
       1
       1
       2
       1
       0
       1
       1
       0
       1
       0
       3
       1
       2
       1
       0
       3
       2
       1
       3
       2
       2
       2
       2
       4
       2
       4
       2
       0
       3
       1
       3
       0
       4
       1
       0
       4
       0
       1
       2
       1
       1
       0
       4
       0
       3
       1
       1
       1
       0
       0
       0
       1
       3
       3
       0
       0
       1
       2
       0
       0
       1
       0
       0
       1
       0
       0
       1
       1
       0
       2
       0
       0
       1
       0
       0
       0
       0
       0
       0
       0
       0
       0
       0
       1
       0
       0
       1
       0
       2
       0
       0
       1
       1
       0
       2
       1
       2
       1
       5
       6
       4
       4
       3
       1
       0
       6
       0
       0
       1
       1
       1
       1
       2
       0
       1
       1
       0
       0
       0
       1
       0
       1
       1
       0
       0
       0
       0
       0
       0
       0
       0
       0
       0
       0
       0
       0
       0
       0
       0
       0
       1
       0
       0
       0
       0
       0
       0
       0
       0
       0
       0
       0
       0
       0
       0
       0
       0
       0
       1
       0
       0
       0
       0
       0
       0
       1
       0
       0
       0
       0
       0
       0
       0
       0
       0
       0
       1
       0
       0
       0
       0
       0
       0
       0
       0
       0
       0
       0
       1
       1
       1
       0
       2
       0
       0
       0
       0
       0
       0
       0
       0
       0
       0
       0
       0
       0
       0
       0
       0
       0
       0
       0
       0
       0
       1
       0
       0
       0
       0
       0
       0
       0
       0
       0
       0
       0
       0
       0
       0
       0
       0
       1
       0
       0
       0
       0
       0
       0
       0
       1
       0
       0
       0
       0
       0
       1
       0
       0
       0
       0
       0
       0
       0
       0
       0
       0
       0
       0
       0
       0
       0
       0
       0
       0
       0
       0
       0
       0
       0
       0
       0
       0
       0
       0
       0
       0
       1
       0
       0
       0
       0
       0
       1
       0
       0
       0
       0
       0
       0
       0
       0
       0
       0
       0
       0
       0
       0
       0
       0
       0
       0
       0
       0
       0
       0
       0
       0
       0
       0
       0
       0
       0
       0
       0
       0
       0
       0
       0
       0
       0
       0
       0
       0
       0
       0
       0
       0
       0
       0
       0
       1
       0
       1
       0
       0
       0
       0
       0
       1
       0
       1
       0
       0
       0
       0
       0
       0
       0
       0
       0
       0
       0
       0
       0
       0
       0
       1
       0
       0
       0
       0
       0
       0
       1
       0
       1
       1
       0
       0
       0
       0
       0
       0
       0
       0
       0
       0
       0
       0
       0
       0
       0
       0
       0
       0
       0
       0
       0
       0
       0
       0
       0
       0
       0
       0
       0
       0
       0
       0
       0
       0
       0
       0
       0
       0
       0
       0
       0
       0
       0
       0
       0
       0
       0
       0
       0
       0
       0
       0
       0
       0
       0
       0
       0
       0
       0
       0
       0
       0
       2
       0
       0
       0
       0
       0
       0
       0
       0
       0
       1
       0
       0
       0
       0
       0
       0
       0
       0
       0
       0
       0
       0
       0
       0
       0
       0
       0
       0
       0
       0
       1
       0
       0
       0
       0
       0
       0
       0
       0
       0
       0
       0
       0
       0
       0
       0
       0
       0
       0
       0
       0
       0
       0
       0
       0
       0
       0
       0
       0
       0
       0
       0
       0
       0
       0
       0
       0
       0
       0
       0
       0
       0
       0
       0
       0
       0
       0
       0
       0
       0
       0
       0
       0
       0
       0
       0
       0
       0
       0
       0
       0
       0
       0
       0
       0
       0
       0
       0
       0
       0
       0
       0
       0
       0
       0
       0
       0
       0
       0
       0
       0
       0
       0
       0
       0
       0
       0
       0
       0
       0
       0
       0
       0
       1
       0
       0
       0
       0
       0
       0
       0
       0
       0
       0
       0
       0
       0
       0
       0
       0
       0
       0
       0
       0
       0
       0
       0
       0
       0
       0
       0
       0
       0
       0
       0
       0
       0
       0
       1
       0
       0
       0
       0
       0
       0
       0
       0
       0
       0
       0
       0
       0
       0
       0
       0
       0
       0
       0
       0
       0
       0
       0
       0
       0
       0
       0
       0
       0
       0
       0
       0
       0
       0
       0
       0
       0
       0
       0
       0
       0
       0
       0
       0
       0
       0
       0
       0
       0
       0
       0
       0
       0
       0
       1
       0
       1
       0
       0
       0
       0
       0
       0
       0
       0
       0
       0
       0
       0
       0
       0
       0
       0
       0
       1
       0
       0
       0
       0
       0
       0
       0
       0
       0
       0
       0
       0
       1
       0
       0
       0
       1
       0
       0
       0
       0
       0
       0
       0
       0
       0
       0
       0
       0
       0
       0
       0
       0
