
       0
       0
       9
     384
     316
     291
     374
     426
     534
     681
    1088
    1221
    1005
     902
     811
     841
     811
     760
     786
     747
     754
     663
     680
     673
     605
     644
     538
     531
     569
     565
     510
     552
     497
     465
     455
     368
     367
     377
     367
     337
     357
     305
     295
     278
     317
     299
     300
     289
     249
     252
     218
     230
     194
     193
     191
     183
     202
     178
     184
     177
     189
     217
     170
     144
     155
     140
     173
     162
     169
     170
     147
     148
     160
     149
     138
     140
     155
     150
     140
     142
     155
     134
     147
     147
     133
     120
     139
     105
     118
     129
     117
     114
      98
     112
      94
      85
      99
      97
     101
     101
      91
      85
      99
      93
     101
      80
      92
      87
      95
      82
      98
      90
      87
      79
      82
      92
      84
      59
      76
      89
      95
      84
      82
      82
      91
      72
      84
      77
      71
      82
      88
      72
      70
      75
      70
      56
      62
      58
      55
      68
      65
      66
      76
      52
      69
      55
      60
      36
      48
      45
      51
      56
      48
      60
      52
      34
      32
      36
      33
      33
      40
      33
      48
      53
      41
      46
      52
      68
      62
      55
      89
      91
     102
     121
     119
     109
      86
      93
      73
      72
      49
      50
      48
      19
      26
      18
      25
      18
      17
      16
      18
      20
      27
      19
      38
      41
      50
      63
      73
      81
      79
      80
      83
     106
      78
      75
      58
      52
      42
      40
      29
      21
      13
      15
      12
      11
      11
       8
      16
      15
      13
      16
      18
      15
      16
      14
      13
      17
      11
      13
      10
       9
       7
       4
       5
       3
       2
       3
       1
       2
       7
       3
       6
       3
       2
       1
       1
       2
       2
       2
       3
       3
       0
       3
       5
       3
       1
       3
       2
       3
       4
       1
       1
       2
       1
       4
       4
       4
       4
       3
       0
       1
       2
       2
       2
       4
       5
       2
       7
       3
       2
       1
       1
       4
       1
       3
       2
       3
       2
       2
       2
       3
       2
       5
       0
       2
       5
       1
       0
       0
       1
       0
       1
       2
       0
       4
       2
       2
       1
       3
       2
       0
       2
       1
       0
       2
       2
       1
       0
       0
       3
       3
       0
       1
       1
       0
       0
       1
       0
       2
       1
       2
       0
       4
       1
       1
       2
       2
       1
       0
       2
       2
       4
       3
       3
       2
       2
       2
       2
       0
       0
       3
       0
       0
       4
       4
       1
       3
       0
       0
       0
       1
       2
       1
       2
       2
       1
       2
       1
       2
       0
       2
       0
       1
       0
       2
       2
       1
       0
       1
       0
       0
       2
       0
       0
       1
       1
       1
       1
       0
       0
       1
       0
       0
       0
       2
       2
       0
       0
       1
       1
       2
       2
       0
       0
       0
       0
       1
       0
       0
       2
       3
       1
       2
       0
       0
       0
       2
       2
       1
       1
       2
       0
       1
       2
       1
       4
       5
       3
       2
       3
       3
       4
       3
       4
       4
       2
       2
       1
       0
       3
       2
       0
       1
       0
       0
       0
       0
       1
       0
       0
       0
       0
       1
       0
       0
       0
       0
       0
       0
       0
       0
       0
       0
       0
       0
       0
       0
       0
       0
       0
       0
       0
       1
       0
       0
       0
       1
       0
       0
       0
       0
       0
       0
       0
       0
       0
       0
       0
       0
       0
       0
       1
       0
       0
       0
       0
       0
       0
       0
       0
       0
       0
       0
       0
       0
       0
       0
       0
       0
       1
       0
       0
       0
       0
       0
       0
       0
       0
       0
       0
       0
       0
       0
       0
       0
       0
       0
       1
       0
       0
       0
       0
       0
       0
       0
       0
       0
       0
       0
       0
       0
       0
       0
       0
       0
       0
       0
       0
       0
       0
       0
       0
       0
       0
       0
       0
       0
       0
       0
       0
       0
       0
       0
       0
       0
       0
       0
       0
       0
       0
       0
       0
       0
       0
       0
       0
       0
       0
       1
       0
       0
       0
       0
       0
       0
       0
       0
       0
       0
       0
       0
       0
       0
       1
       0
       0
       0
       0
       0
       1
       0
       0
       0
       0
       0
       0
       0
       0
       0
       0
       0
       0
       0
       0
       1
       0
       0
       0
       0
       0
       0
       0
       0
       0
       0
       0
       0
       0
       0
       0
       0
       0
       0
       0
       0
       0
       0
       0
       0
       0
       0
       0
       1
       0
       0
       0
       0
       0
       0
       0
       0
       0
       0
       0
       0
       0
       0
       0
       0
       0
       0
       0
       0
       0
       0
       0
       0
       0
       0
       0
       0
       0
       0
       0
       0
       0
       0
       0
       0
       0
       0
       0
       0
       0
       0
       0
       0
       0
       0
       0
       0
       0
       0
       0
       0
       0
       0
       0
       0
       0
       0
       0
       0
       0
       0
       0
       0
       0
       0
       0
       0
       0
       0
       0
       1
       0
       0
       0
       0
       0
       0
       0
       1
       0
       0
       0
       0
       0
       0
       0
       0
       0
       0
       0
       0
       0
       0
       0
       0
       0
       0
       0
       0
       0
       0
       0
       0
       0
       0
       0
       0
       0
       0
       0
       0
       0
       0
       0
       0
       0
       0
       0
       0
       0
       0
       0
       0
       0
       0
       0
       0
       0
       0
       0
       0
       0
       0
       0
       0
       0
       0
       0
       0
       0
       0
       0
       0
       0
       0
       0
       0
       0
       0
       0
       0
       1
       0
       0
       0
       0
       1
       0
       0
       0
       0
       0
       0
       0
       0
       0
       1
       0
       0
       0
       0
       0
       0
       0
       0
       0
       0
       0
       0
       0
       0
       0
       0
       0
       0
       0
       0
       0
       0
       0
       0
       0
       0
       0
       0
       0
       0
       0
       0
       0
       0
       0
       0
       0
       0
       0
       0
       0
       0
       0
       0
       0
       0
       0
       0
       0
       0
       0
       0
       0
       0
       0
       0
       0
       1
       0
       0
       0
       0
       0
       0
       0
       0
       0
       0
       0
       0
       0
       0
       0
       0
       0
       0
       0
       0
       0
       0
       0
       0
       0
       0
       0
       0
       0
       1
       0
       0
       0
       0
       0
       0
       0
       0
       0
       0
       0
       0
       0
       1
       0
       0
       0
       0
       0
       0
       0
       0
       0
       0
       0
       0
       0
       0
       0
       0
       0
       0
       0
       0
       0
       0
       0
       0
       0
       0
       0
       0
       0
       0
       1
       0
       0
       0
       0
       0
       0
       0
       0
       0
       0
       0
       0
       0
       0
       0
       0
       0
       0
       0
       0
       0
       0
       0
       0
       0
       0
       0
       0
       0
       0
       0
       0
       1
       0
       0
       0
       0
       0
       0
       1
       0
       0
       0
       0
       0
       0
       0
       0
       0
       0
       0
       0
       0
       0
       1
       0
       0
       0
       0
       0
       0
       0
       0
       0
       0
       0
       0
       0
       0
       0
       0
       0
       0
       0
       0
       0
       0
       0
       0
