
       0
       0
      19
     577
     481
     487
     659
     645
     707
     847
    1434
    1553
    1297
    1145
    1040
    1064
    1085
    1069
    1002
     973
     921
     957
     861
     904
     859
     850
     756
     855
     815
     832
     835
     906
     840
     799
     704
     641
     704
     672
     600
     648
     587
     528
     536
     529
     545
     516
     531
     450
     441
     483
     452
     443
     446
     416
     421
     359
     368
     368
     389
     328
     358
     343
     342
     339
     330
     308
     335
     324
     349
     364
     333
     329
     293
     307
     285
     290
     281
     289
     322
     257
     262
     270
     276
     281
     271
     278
     253
     269
     257
     222
     257
     259
     243
     227
     260
     230
     202
     253
     233
     223
     230
     228
     272
     238
     196
     229
     229
     207
     208
     199
     232
     255
     214
     224
     221
     226
     199
     217
     220
     228
     227
     208
     190
     221
     218
     215
     252
     207
     190
     208
     223
     210
     232
     219
     222
     173
     204
     177
     177
     176
     125
     152
     156
     146
     141
     151
     144
     128
     148
     120
     126
     129
     112
     132
     131
     130
     113
     123
      90
     107
     121
     112
     107
      86
     119
     115
     113
     155
     183
     251
     278
     375
     415
     403
     459
     444
     451
     387
     366
     313
     260
     191
     140
      96
      73
      45
      36
      35
      34
      38
      38
      48
      59
      93
     109
     154
     173
     227
     249
     281
     318
     386
     365
     354
     320
     301
     223
     219
     173
     114
      99
      71
      54
      30
      22
      20
      19
      16
      20
       7
      18
      14
      14
      17
      19
      19
      21
      22
      19
       9
      11
       8
      12
       9
       6
      10
       3
       5
       5
       2
       5
       5
       3
       4
       2
       6
       8
       1
       3
       7
       3
       3
       1
       1
       4
       1
       1
       3
       1
       3
       4
       1
       2
       3
       2
       5
       3
       4
       2
       2
       5
       4
       4
       6
       4
       3
       2
       9
       1
       2
       2
       5
       5
       4
       2
       3
       3
       3
       2
       1
       3
       3
       3
       1
       2
       1
       3
       0
       1
       2
       4
       2
       5
       1
       6
       0
       0
       1
       0
       0
       0
       1
       2
       1
       1
       2
       1
       0
       4
       2
       1
       2
       1
       3
       0
       1
       1
       3
       1
       4
       1
       0
       2
       4
       1
       1
       2
       1
       2
       1
       2
       0
       0
       3
       3
       2
       1
       3
       2
       1
       3
       1
       1
       6
       0
       3
       0
       2
       1
       2
       1
       1
       0
       1
       0
       2
       2
       3
       0
       2
       2
       2
       0
       3
       3
       2
       2
       0
       1
       1
       1
       0
       1
       2
       0
       1
       0
       1
       1
       0
       1
       1
       0
       1
       0
       0
       1
       0
       0
       0
       1
       0
       0
       0
       0
       0
       0
       0
       1
       0
       0
       1
       0
       0
       0
       0
       0
       0
       0
       1
       1
       1
       1
       2
       0
       1
       1
       2
       2
       1
       1
       1
       4
       0
       3
       1
       3
       1
       0
       2
       0
       0
       3
       0
       1
       0
       0
       0
       0
       0
       0
       1
       0
       1
       0
       0
       1
       0
       0
       0
       0
       0
       0
       0
       0
       0
       1
       0
       0
       0
       0
       0
       0
       0
       0
       0
       0
       0
       0
       0
       0
       0
       0
       0
       0
       0
       0
       0
       0
       0
       0
       0
       0
       0
       1
       0
       0
       0
       0
       0
       0
       0
       0
       0
       0
       0
       0
       0
       0
       1
       0
       0
       0
       0
       0
       0
       0
       0
       0
       0
       0
       0
       0
       0
       1
       0
       0
       0
       0
       0
       0
       0
       0
       0
       0
       0
       0
       0
       0
       0
       0
       0
       0
       0
       0
       0
       0
       0
       0
       0
       0
       0
       0
       0
       0
       0
       1
       0
       0
       0
       0
       0
       1
       1
       0
       0
       0
       0
       0
       0
       0
       0
       0
       0
       0
       0
       0
       0
       0
       0
       0
       0
       0
       0
       0
       0
       0
       0
       0
       0
       0
       0
       0
       0
       0
       0
       0
       0
       0
       0
       0
       0
       0
       0
       0
       0
       0
       0
       0
       0
       0
       0
       0
       0
       0
       1
       0
       0
       0
       0
       0
       0
       0
       0
       0
       0
       0
       0
       0
       0
       0
       0
       0
       0
       0
       0
       0
       0
       0
       0
       0
       0
       0
       0
       0
       0
       0
       0
       0
       0
       0
       0
       0
       0
       0
       0
       0
       0
       0
       0
       0
       0
       0
       0
       0
       0
       0
       0
       0
       0
       0
       0
       1
       0
       0
       0
       0
       1
       0
       0
       0
       1
       1
       0
       0
       0
       0
       0
       0
       0
       0
       0
       0
       0
       0
       0
       0
       0
       0
       0
       0
       0
       0
       0
       0
       0
       0
       0
       0
       0
       0
       0
       0
       0
       1
       0
       0
       0
       0
       0
       0
       0
       0
       0
       0
       0
       0
       0
       0
       0
       0
       0
       0
       0
       0
       0
       0
       0
       0
       0
       0
       0
       1
       0
       0
       0
       0
       0
       0
       0
       0
       0
       1
       0
       0
       1
       0
       1
       0
       0
       0
       0
       0
       0
       0
       0
       0
       0
       0
       0
       0
       0
       0
       0
       0
       1
       0
       0
       0
       0
       0
       0
       0
       0
       0
       0
       0
       0
       0
       0
       0
       0
       0
       0
       0
       0
       0
       0
       0
       0
       0
       0
       0
       0
       0
       0
       0
       0
       0
       0
       0
       0
       0
       0
       0
       0
       0
       0
       0
       0
       0
       0
       0
       0
       0
       0
       0
       0
       0
       0
       0
       0
       0
       1
       1
       0
       0
       0
       0
       0
       0
       0
       1
       0
       0
       0
       0
       0
       0
       0
       0
       0
       0
       0
       0
       0
       0
       0
       0
       0
       0
       0
       0
       0
       0
       0
       0
       1
       0
       0
       0
       0
       0
       0
       0
       0
       0
       0
       0
       0
       0
       0
       0
       0
       0
       0
       0
       0
       0
       0
       0
       0
       0
       0
       0
       0
       0
       0
       0
       0
       0
       0
       0
       0
       0
       1
       0
       0
       0
       0
       0
       0
       0
       0
       0
       0
       0
       0
       0
       0
       0
       0
       0
       1
       0
       0
       0
       0
       0
       0
       0
       0
       0
       0
       0
       0
       0
       0
       0
       0
       0
       0
       0
       0
       0
       0
       0
       0
       0
       0
       0
       0
       0
       0
       0
       0
       0
       0
       0
       0
       0
       0
       0
       0
       0
       0
       0
       0
       0
       0
       0
       0
       0
       0
       0
       0
       0
       0
       0
       0
       0
       0
       0
       0
       0
       1
       0
       0
       0
       0
       0
       0
       0
       0
       0
       1
       0
       0
       0
       0
       0
       0
       0
       0
       0
       0
       0
       0
       0
       0
       0
       0
       0
       0
       0
       0
       0
       0
       0
       0
       0
       0
       0
       0
