
       0
       0
      20
     721
     520
     579
     718
     708
     834
     946
    1622
    1816
    1468
    1198
    1065
    1068
    1047
    1098
     995
    1025
    1074
     956
    1023
     984
     899
     957
     881
     896
     899
     990
     970
     929
     922
     836
     828
     742
     713
     718
     675
     636
     640
     634
     621
     583
     598
     589
     629
     600
     582
     526
     542
     487
     536
     496
     460
     488
     449
     472
     476
     439
     422
     436
     402
     396
     407
     411
     373
     401
     417
     376
     422
     382
     376
     362
     326
     322
     324
     307
     340
     294
     309
     337
     283
     322
     302
     321
     298
     303
     279
     269
     245
     261
     262
     257
     256
     244
     272
     275
     264
     242
     264
     245
     225
     236
     258
     257
     231
     258
     269
     230
     229
     228
     233
     271
     239
     228
     241
     229
     254
     242
     231
     249
     243
     257
     273
     257
     260
     280
     253
     261
     232
     219
     268
     221
     228
     225
     194
     200
     181
     176
     161
     199
     161
     153
     163
     162
     122
     163
     170
     158
     124
     128
     150
     174
     161
     141
     115
     132
     113
     113
     125
     114
      99
     111
     112
     132
     156
     171
     245
     270
     346
     425
     460
     520
     533
     529
     502
     497
     407
     342
     277
     241
     161
     116
      69
      78
      40
      25
      40
      39
      53
      68
      66
     124
     148
     182
     236
     271
     316
     373
     390
     422
     433
     406
     383
     333
     283
     241
     213
     167
     120
      96
      57
      37
      31
      24
      24
      16
      21
      18
      16
      14
      14
      25
      22
      16
      12
      20
      13
      13
      12
       8
      11
       9
       4
       7
       6
       3
       2
       5
       2
       6
       4
       6
       5
       4
       3
       6
       4
       3
       2
      10
       6
       5
       0
       4
       2
       2
       4
       6
       3
       2
       1
       3
       1
       5
       4
       1
       2
       1
       2
       4
       6
       4
       2
       2
       3
       5
       1
       2
       5
       2
       2
       2
       2
       2
       0
       2
       2
       4
       4
       5
       1
       3
       1
       1
       3
       2
       0
       1
       1
       2
       0
       1
       0
       4
       2
       3
       1
       4
       1
       0
       0
       2
       1
       2
       0
       0
       2
       3
       1
       4
       3
       2
       0
       2
       4
       0
       0
       0
       2
       1
       2
       3
       2
       5
       2
       2
       0
       2
       1
       1
       2
       1
       2
       4
       2
       1
       3
       1
       3
       4
       1
       1
       3
       0
       4
       2
       0
       0
       2
       2
       3
       0
       1
       0
       3
       2
       2
       4
       1
       3
       2
       2
       2
       3
       1
       0
       1
       1
       2
       1
       1
       3
       0
       4
       1
       0
       2
       0
       0
       2
       0
       2
       0
       0
       1
       1
       0
       0
       2
       0
       0
       0
       1
       0
       1
       0
       1
       2
       0
       2
       0
       0
       2
       1
       0
       3
       0
       2
       2
       2
       2
       3
       3
       0
       2
       2
       2
       1
       4
       4
       2
       3
       3
       2
       1
       3
       1
       1
       2
       1
       1
       1
       0
       0
       0
       1
       1
       1
       0
       0
       1
       0
       0
       0
       0
       0
       1
       0
       0
       0
       0
       1
       0
       0
       0
       0
       0
       1
       0
       0
       0
       0
       0
       0
       0
       1
       0
       0
       0
       0
       0
       0
       0
       0
       0
       0
       0
       0
       0
       0
       0
       0
       0
       0
       0
       0
       0
       0
       0
       0
       0
       0
       0
       1
       0
       0
       0
       0
       0
       0
       0
       0
       0
       0
       0
       0
       0
       0
       0
       0
       0
       0
       0
       0
       0
       0
       0
       0
       0
       0
       0
       0
       0
       0
       0
       0
       0
       0
       0
       0
       0
       0
       0
       0
       0
       0
       0
       0
       0
       0
       0
       0
       0
       0
       0
       1
       1
       1
       0
       0
       0
       0
       0
       1
       1
       0
       0
       0
       0
       0
       0
       0
       0
       0
       0
       0
       0
       0
       0
       0
       0
       0
       0
       0
       0
       1
       0
       0
       0
       0
       0
       0
       0
       0
       0
       0
       0
       1
       0
       0
       0
       0
       0
       0
       0
       0
       0
       0
       0
       0
       0
       0
       0
       0
       0
       0
       0
       0
       0
       0
       0
       0
       0
       1
       0
       0
       0
       0
       0
       0
       0
       0
       0
       0
       0
       0
       0
       0
       0
       0
       0
       0
       0
       0
       0
       0
       0
       1
       0
       0
       0
       0
       0
       0
       0
       0
       0
       0
       0
       0
       0
       0
       0
       0
       0
       0
       0
       0
       0
       0
       0
       0
       0
       0
       0
       0
       0
       0
       0
       0
       0
       0
       0
       0
       0
       0
       0
       0
       0
       0
       0
       0
       0
       0
       0
       0
       0
       0
       0
       0
       0
       0
       0
       0
       0
       0
       0
       0
       0
       0
       0
       0
       0
       0
       0
       0
       0
       0
       0
       0
       0
       0
       0
       0
       1
       0
       0
       0
       0
       0
       0
       0
       0
       0
       0
       1
       0
       0
       0
       0
       0
       1
       0
       0
       0
       1
       1
       0
       0
       0
       0
       0
       0
       0
       0
       0
       0
       0
       0
       0
       0
       0
       0
       0
       0
       0
       0
       1
       0
       0
       0
       0
       0
       0
       0
       0
       0
       0
       0
       0
       0
       0
       0
       0
       0
       0
       0
       1
       0
       0
       0
       0
       0
       0
       0
       0
       0
       0
       0
       0
       0
       0
       0
       0
       0
       0
       0
       0
       0
       0
       0
       0
       0
       0
       0
       0
       0
       0
       1
       0
       0
       0
       0
       1
       0
       0
       0
       0
       0
       0
       0
       0
       0
       0
       0
       0
       0
       0
       0
       0
       0
       0
       0
       0
       0
       0
       0
       0
       0
       0
       0
       0
       0
       0
       0
       0
       0
       0
       0
       0
       0
       0
       0
       0
       0
       0
       0
       1
       0
       0
       0
       0
       0
       0
       0
       0
       0
       1
       0
       0
       0
       0
       0
       0
       1
       0
       0
       0
       0
       0
       0
       0
       0
       0
       0
       0
       0
       0
       1
       0
       0
       0
       0
       0
       0
       0
       0
       0
       0
       0
       0
       0
       0
       0
       0
       0
       0
       0
       0
       0
       0
       0
       0
       0
       0
       0
       0
       0
       0
       0
       0
       1
       0
       0
       0
       0
       0
       0
       0
       0
       0
       0
       1
       0
       0
       0
       0
       0
       0
       0
       0
       0
       0
       0
       0
       0
       0
       0
       0
       0
       0
       0
       0
       0
       0
       0
       1
       0
       0
       0
       0
       0
       0
       1
       0
       0
       0
       0
       0
       0
       0
       0
       0
       1
       0
       0
       0
       0
       0
       0
       0
       0
       0
       0
       0
       0
       0
       0
       0
       0
       0
       0
       0
       0
       0
       0
       0
       0
       0
       0
       0
       0
       0
       0
       0
       0
       0
       0
       0
       0
       0
       0
