
       0
       0
      21
     744
    1587
    1336
     760
     694
     816
     980
    1664
    1908
    1514
    1186
    1116
    1083
    1036
    1094
    1087
    1045
    1013
    1041
    1067
     943
     972
    1001
    1106
    1033
     967
     957
     899
     885
     895
     832
     825
     736
     773
     676
     681
     703
     703
     725
     747
     682
     682
     615
     647
     597
     593
     602
     566
     559
     539
     516
     517
     500
     545
     512
     520
     491
     468
     424
     382
     367
     308
     252
     253
     209
     207
     175
     173
     160
     127
     114
     102
     110
     112
      95
      84
     101
     106
     106
     102
     122
     131
     195
     313
     533
     804
    1073
    1471
    1840
    1989
    1922
    1603
    1142
     779
     548
     233
     126
      86
      44
      34
      31
      29
      28
      24
      27
      23
      27
      26
      27
      16
      25
      19
      20
      22
      18
      20
      14
      19
      18
      15
      16
      21
      22
      19
      11
      11
      21
      23
      12
      20
      15
      23
      22
      16
      11
      21
      13
      18
      16
       9
      18
      21
      12
      20
      12
       8
       7
      11
      13
      10
      10
      17
      14
       8
       8
      16
      10
      11
      10
      10
      14
      12
      14
       8
      13
      14
      12
      20
      11
      15
      10
      10
       7
      14
      13
      13
       6
      10
      10
      11
       7
       8
      13
      10
       6
       7
       8
       8
       4
       8
       3
       9
      12
      12
       6
       8
       8
       3
       3
       8
       8
       6
       3
       8
       8
      10
       5
       8
       3
       8
       3
      10
       6
       7
       7
       8
      19
      12
      14
      20
      19
      15
      13
      18
      15
      10
      11
       9
       7
      10
       6
       4
       2
       2
       4
       7
       3
       1
       5
       4
       2
       3
       3
       3
       3
       4
       4
       2
       3
       2
       2
       2
       1
       1
       2
       2
       2
       2
       4
       2
       3
       3
       3
       2
       3
       6
       1
       3
       3
       1
       5
       3
       4
       3
       6
       0
       2
       3
       4
       3
       3
       1
       2
       5
       2
       1
       3
       3
       2
       2
       2
       0
       2
       1
       2
       3
       0
       3
       1
       2
       2
       2
       1
       2
       0
       1
       2
       3
       1
       1
       1
       0
       1
       0
       1
       3
       1
       1
       6
       0
       2
       1
       0
       2
       2
       2
       3
       3
       2
       1
       1
       2
       3
       1
       2
       2
       1
       0
       1
       1
       0
       0
       0
       1
       1
       1
       3
       0
       2
       0
       1
       1
       2
       1
       3
       2
       2
       0
       2
       4
       4
       2
       1
       1
       4
       1
       0
       3
       2
       0
       0
       1
       1
       0
       0
       1
       0
       0
       2
       0
       0
       2
       0
       2
       1
       0
       0
       0
       0
       0
       1
       0
       1
       0
       1
       2
       0
       1
       0
       0
       0
       0
       0
       1
       0
       1
       1
       0
       2
       0
       0
       0
       0
       2
       3
       1
       1
       1
       0
       5
       2
       2
       0
       0
       4
       2
       0
       0
       2
       3
       2
       2
       4
       2
       2
       2
       1
       0
       0
       0
       0
       0
       1
       0
       0
       0
       0
       0
       1
       0
       0
       0
       0
       0
       0
       0
       0
       0
       1
       0
       0
       1
       0
       0
       0
       0
       0
       0
       0
       0
       0
       0
       0
       0
       0
       0
       0
       0
       0
       0
       0
       0
       1
       0
       0
       0
       1
       0
       0
       0
       0
       0
       0
       0
       0
       0
       0
       0
       0
       0
       0
       0
       0
       0
       0
       0
       0
       0
       0
       0
       0
       1
       0
       0
       0
       0
       0
       0
       0
       0
       0
       0
       0
       0
       1
       0
       0
       0
       0
       0
       0
       0
       0
       0
       0
       0
       1
       0
       0
       0
       1
       0
       0
       0
       0
       0
       0
       0
       0
       0
       0
       0
       0
       0
       0
       0
       0
       1
       0
       0
       0
       0
       0
       0
       0
       0
       0
       0
       0
       0
       1
       0
       0
       0
       0
       0
       0
       0
       0
       0
       0
       1
       0
       0
       0
       0
       1
       0
       0
       0
       0
       0
       0
       0
       0
       0
       0
       0
       0
       0
       0
       0
       0
       0
       0
       0
       0
       0
       0
       0
       0
       0
       0
       0
       0
       0
       1
       0
       0
       0
       0
       0
       0
       0
       0
       0
       1
       0
       0
       1
       0
       0
       0
       0
       0
       1
       0
       0
       0
       0
       0
       0
       0
       0
       1
       1
       0
       0
       0
       0
       0
       0
       0
       0
       0
       0
       0
       0
       0
       0
       0
       0
       0
       0
       0
       0
       0
       0
       0
       0
       0
       0
       0
       0
       0
       0
       0
       1
       0
       0
       0
       0
       0
       0
       0
       0
       0
       0
       0
       0
       0
       0
       0
       0
       0
       0
       0
       0
       0
       0
       0
       0
       0
       0
       0
       0
       0
       0
       0
       0
       0
       0
       0
       0
       0
       0
       1
       0
       0
       0
       0
       0
       1
       0
       0
       0
       0
       0
       0
       0
       0
       0
       0
       0
       0
       0
       0
       1
       0
       0
       0
       0
       0
       0
       0
       0
       0
       0
       0
       0
       0
       0
       0
       0
       0
       0
       0
       0
       0
       0
       0
       0
       0
       0
       0
       0
       0
       0
       0
       0
       0
       0
       0
       0
       0
       0
       0
       1
       1
       0
       0
       0
       0
       0
       0
       0
       0
       0
       0
       0
       1
       0
       0
       0
       0
       1
       0
       0
       0
       0
       0
       0
       0
       0
       0
       0
       0
       0
       0
       1
       0
       0
       0
       0
       0
       0
       0
       0
       0
       0
       0
       0
       0
       0
       0
       0
       1
       0
       0
       0
       1
       0
       0
       0
       0
       0
       0
       0
       0
       0
       0
       0
       0
       0
       0
       0
       1
       0
       0
       0
       0
       0
       0
       0
       0
       0
       0
       0
       0
       0
       0
       0
       1
       0
       0
       0
       0
       0
       0
       0
       0
       0
       0
       0
       0
       0
       0
       0
       0
       0
       0
       0
       0
       0
       0
       0
       0
       0
       0
       0
       0
       0
       0
       0
       0
       0
       0
       0
       0
       0
       0
       0
       0
       0
       0
       0
       0
       0
       0
       0
       0
       1
       0
       1
       0
       1
       0
       0
       0
       0
       0
       0
       0
       0
       0
       0
       0
       0
       0
       0
       0
       0
       0
       0
       0
       0
       0
       0
       0
       0
       0
       0
       0
       0
       0
       0
       0
       0
       0
       0
       0
       0
       0
       0
       0
       0
       0
       0
       0
       0
       0
       0
       0
       0
       0
       0
       0
       0
       0
       0
       0
       0
       0
       0
       0
       0
       0
       0
       0
       1
       0
       0
       0
       0
       1
       0
       0
       0
       0
       0
       0
       0
       0
       0
       0
       0
       0
       1
       0
       0
       0
       0
       0
       0
       0
       0
       0
       0
       0
       0
       0
       0
       0
       0
       0
       0
       0
       0
       0
       0
       0
