
       0
       0
       6
     265
     266
     245
     352
     396
     477
     618
     956
    1007
     895
     861
     718
     736
     721
     701
     719
     650
     657
     579
     589
     543
     549
     525
     476
     501
     436
     429
     418
     448
     410
     386
     322
     306
     243
     252
     276
     252
     238
     205
     188
     191
     237
     200
     209
     214
     181
     173
     150
     137
     113
     144
     125
     120
     123
     121
     107
     122
     102
      87
     100
      98
      80
      90
      90
      94
      73
      80
      79
      67
      69
      70
      62
      53
      64
      66
      74
      66
      67
      84
      79
      61
      55
      88
      65
      73
      78
      96
     122
     103
     124
      99
     103
      95
      64
      36
      37
      30
      25
      35
      25
      21
      24
      24
      20
      22
      16
      24
      31
      21
      22
      19
      18
      23
      15
      23
      17
       9
      17
      25
      16
      22
      14
      23
      23
      19
      23
      27
      18
      15
      15
      23
      14
      17
      18
      22
      19
      14
      16
      11
      12
      10
      10
      18
      11
      20
      10
      12
      12
       9
      14
      11
       9
      14
      23
      11
      12
       9
      16
      12
      16
       7
      14
       7
      16
      10
      13
      14
      11
      16
       8
      13
       9
       9
      12
      11
       8
       9
       8
      11
       3
       9
       4
       8
       8
      11
      13
       9
       5
      11
      12
       4
       8
       4
       6
       7
       3
       4
       5
      11
       8
       7
       2
       4
       4
       6
       3
       7
      11
       4
       9
       9
      11
       9
       9
      11
      11
      12
      17
      20
      15
      15
      18
      18
      17
      20
      16
      15
      11
       5
      10
       5
       1
       6
       7
       5
       5
       9
       5
       5
       1
       2
       0
       8
       2
       1
       2
       1
       0
       3
       5
       3
       1
       1
       2
       5
       2
       5
       1
       3
       0
       1
       0
       3
       5
       4
       4
       3
       1
       3
       3
       4
       5
       1
       3
       5
       6
       0
       1
       2
       3
       1
       3
       2
       2
       1
       1
       4
       1
       4
       3
       1
       1
       1
       1
       1
       0
       2
       1
       2
       1
       1
       1
       0
       1
       2
       3
       2
       1
       0
       0
       0
       1
       0
       0
       0
       1
       3
       1
       2
       0
       2
       2
       1
       0
       5
       2
       2
       0
       2
       3
       3
       1
       2
       1
       2
       4
       4
       5
       3
       3
       5
       2
       2
       4
       0
       1
       2
       1
       0
       2
       1
       2
       2
       1
       0
       0
       1
       0
       1
       1
       2
       1
       2
       1
       0
       1
       2
       1
       3
       0
       1
       0
       2
       2
       1
       2
       0
       0
       1
       1
       0
       0
       2
       1
       1
       1
       2
       0
       0
       0
       0
       0
       1
       1
       1
       3
       0
       0
       0
       2
       0
       0
       1
       1
       1
       2
       1
       0
       0
       0
       2
       0
       2
       2
       0
       1
       3
       1
       0
       0
       3
       0
       2
       3
       5
       2
       2
       6
       2
       0
       1
       4
       1
       0
       2
       2
       0
       2
       0
       1
       1
       1
       1
       0
       1
       1
       0
       0
       0
       0
       0
       0
       0
       0
       0
       0
       0
       0
       0
       0
       0
       0
       0
       0
       0
       0
       0
       0
       0
       0
       0
       0
       0
       0
       0
       0
       0
       0
       1
       0
       0
       0
       0
       0
       0
       0
       0
       0
       0
       0
       0
       0
       0
       0
       0
       0
       0
       1
       0
       0
       0
       0
       1
       0
       0
       0
       0
       0
       0
       0
       0
       0
       0
       0
       0
       0
       0
       0
       0
       0
       0
       0
       0
       0
       1
       1
       0
       0
       0
       0
       0
       0
       0
       0
       0
       0
       0
       0
       0
       0
       0
       0
       1
       0
       0
       0
       0
       0
       0
       0
       0
       0
       0
       0
       0
       0
       0
       0
       0
       0
       0
       0
       0
       0
       0
       0
       0
       0
       0
       0
       0
       1
       1
       0
       0
       0
       0
       0
       0
       0
       0
       0
       0
       0
       2
       0
       0
       0
       1
       0
       0
       0
       1
       1
       0
       0
       0
       0
       0
       0
       0
       0
       0
       0
       0
       1
       0
       0
       0
       0
       0
       0
       1
       0
       0
       0
       0
       0
       0
       0
       0
       0
       1
       0
       0
       0
       0
       0
       0
       0
       0
       0
       0
       0
       0
       0
       0
       0
       0
       0
       0
       1
       0
       0
       0
       0
       0
       0
       0
       0
       0
       0
       0
       0
       0
       0
       0
       0
       0
       0
       0
       0
       0
       0
       0
       0
       0
       0
       0
       0
       0
       0
       1
       1
       0
       0
       0
       0
       0
       0
       0
       1
       0
       0
       0
       0
       0
       0
       0
       0
       0
       0
       0
       0
       0
       0
       0
       0
       0
       1
       0
       0
       0
       0
       0
       0
       0
       0
       0
       0
       0
       0
       0
       0
       0
       0
       1
       0
       0
       0
       0
       0
       0
       0
       0
       0
       0
       0
       0
       2
       0
       0
       0
       0
       0
       0
       0
       0
       0
       0
       0
       0
       0
       0
       0
       1
       0
       1
       0
       0
       0
       0
       0
       0
       0
       0
       0
       0
       0
       0
       0
       0
       1
       0
       0
       0
       0
       0
       0
       0
       0
       0
       0
       0
       0
       0
       0
       0
       0
       0
       0
       0
       0
       0
       0
       0
       0
       0
       0
       0
       0
       1
       0
       0
       0
       0
       0
       0
       0
       0
       0
       0
       0
       0
       0
       0
       0
       0
       0
       0
       0
       0
       0
       0
       0
       1
       0
       0
       0
       0
       0
       0
       0
       0
       0
       0
       0
       0
       1
       0
       0
       0
       0
       0
       0
       0
       0
       0
       0
       0
       0
       0
       0
       0
       0
       0
       0
       0
       0
       0
       0
       0
       0
       0
       0
       0
       1
       0
       0
       0
       0
       0
       0
       0
       0
       0
       0
       0
       0
       0
       0
       0
       0
       0
       0
       0
       0
       0
       0
       0
       0
       0
       0
       0
       0
       0
       0
       0
       0
       0
       0
       0
       0
       0
       0
       0
       0
       0
       0
       0
       0
       0
       0
       0
       0
       1
       0
       0
       0
       0
       0
       1
       0
       0
       0
       0
       0
       0
       0
       0
       1
       0
       0
       0
       0
       0
       0
       1
       0
       0
       0
       0
       0
       0
       0
       0
       0
       0
       0
       0
       1
       0
       0
       0
       0
       0
       0
       0
       0
       0
       0
       0
       0
       0
       0
       0
       0
       0
       0
       1
       0
       0
       0
       0
       0
       0
       0
       0
       0
       0
       0
       0
       0
       0
       0
       0
       0
       0
       0
       0
       0
       0
       0
       0
       0
       0
       0
       0
       0
       0
       0
       1
       0
       0
       0
       0
       0
       0
       0
       0
       0
       0
       0
       0
       0
       0
       0
       0
       0
       0
       0
       0
       0
       0
       0
       0
       0
       0
       0
       0
       0
