
       0
       0
      14
     595
     565
     543
     644
     665
     765
     934
    1534
    1581
    1355
    1213
    1066
    1060
    1075
    1005
    1016
     978
     964
     953
     993
     984
     940
    1056
    1038
     993
     979
     908
     857
     861
     795
     753
     728
     659
     606
     662
     639
     629
     551
     579
     552
     615
     568
     543
     609
     555
     549
     493
     449
     495
     468
     497
     460
     470
     436
     485
     481
     426
     430
     369
     379
     349
     299
     269
     243
     214
     176
     180
     168
     136
     137
     134
     120
     128
     117
     115
     111
      89
     120
     126
     121
     112
     141
     189
     264
     436
     664
     942
    1260
    1570
    1655
    1622
    1404
    1095
     740
     469
     283
     124
      63
      41
      34
      32
      19
      22
      27
      28
      25
      20
      23
      26
      29
      22
      16
      23
      22
      17
      23
      21
      20
      20
      19
      17
      17
      22
      18
      14
      18
      12
       6
      16
      24
      19
      22
      21
      15
      19
      16
      13
      11
      14
      15
      22
      16
      18
       9
      13
      13
       8
       6
      14
       5
      14
      10
      10
      10
      11
      16
       8
      14
      12
      15
       8
       8
      13
       9
      10
      10
      11
      12
       8
      10
       9
      17
      10
      10
      10
      11
      15
      11
      11
       8
      16
       6
      10
      10
      10
       3
       4
       4
       6
       7
       6
       9
       5
       8
       6
       3
       3
       4
       9
       6
       7
       4
       3
       3
       6
      11
       8
       7
       7
       3
       7
       9
       7
      12
       8
      15
       8
      12
      12
      14
      31
      20
      16
      24
      12
      10
      15
       7
       4
      13
      11
       8
       2
       2
       3
       3
       3
       4
       3
       7
       4
       1
       1
       2
       5
       4
       2
       2
       9
       2
       0
       2
       1
       2
       1
       2
       4
       3
       2
       2
       1
       4
       0
       2
       4
       2
       3
       3
       2
       7
       2
       1
       4
       4
       4
       2
       6
       8
       5
       3
       4
       4
       0
       2
       1
       3
       2
       1
       2
       0
       2
       1
       1
       1
       1
       0
       2
       1
       1
       4
       0
       1
       2
       1
       0
       0
       3
       1
       2
       0
       2
       2
       1
       1
       2
       1
       2
       0
       1
       1
       1
       3
       1
       2
       1
       2
       2
       3
       2
       2
       0
       2
       3
       0
       3
       2
       2
       5
       2
       4
       1
       2
       2
       0
       3
       2
       1
       3
       2
       1
       2
       3
       1
       0
       2
       1
       1
       1
       2
       1
       2
       1
       1
       2
       2
       2
       0
       0
       0
       2
       2
       0
       1
       0
       0
       1
       1
       5
       1
       1
       1
       0
       1
       0
       0
       1
       0
       0
       0
       0
       2
       1
       0
       1
       0
       0
       2
       0
       1
       1
       1
       1
       0
       0
       1
       2
       0
       0
       0
       0
       0
       1
       1
       0
       1
       0
       1
       1
       1
       1
       1
       0
       1
       5
       0
       0
       0
       2
       1
       4
       4
       2
       0
       1
       0
       1
       1
       0
       2
       2
       0
       0
       0
       0
       0
       1
       1
       0
       1
       0
       0
       0
       1
       0
       0
       0
       0
       0
       0
       0
       0
       0
       0
       0
       0
       0
       0
       0
       0
       1
       0
       0
       0
       0
       0
       0
       0
       0
       0
       0
       1
       0
       0
       0
       0
       0
       0
       0
       1
       0
       0
       0
       0
       1
       0
       0
       0
       0
       0
       0
       1
       0
       0
       0
       1
       0
       0
       0
       0
       0
       0
       0
       0
       0
       0
       0
       0
       0
       0
       0
       0
       0
       0
       0
       0
       0
       0
       0
       0
       0
       0
       0
       0
       0
       0
       0
       0
       0
       0
       0
       0
       0
       0
       0
       0
       0
       0
       0
       0
       0
       0
       0
       0
       0
       0
       0
       0
       1
       0
       0
       1
       0
       0
       1
       0
       0
       0
       0
       0
       0
       0
       0
       0
       0
       0
       0
       0
       0
       0
       0
       0
       0
       0
       0
       0
       0
       0
       0
       0
       1
       0
       0
       0
       0
       0
       0
       0
       0
       0
       0
       0
       0
       0
       0
       0
       0
       0
       0
       0
       0
       0
       0
       0
       0
       0
       0
       0
       0
       0
       0
       0
       0
       0
       0
       0
       0
       0
       0
       0
       0
       0
       0
       0
       0
       0
       0
       0
       0
       0
       0
       0
       0
       0
       0
       0
       0
       0
       0
       0
       0
       0
       0
       0
       0
       0
       0
       0
       0
       0
       0
       0
       0
       0
       0
       0
       0
       0
       0
       0
       0
       0
       1
       0
       0
       0
       0
       1
       1
       0
       0
       1
       0
       0
       0
       0
       0
       0
       0
       0
       0
       0
       0
       0
       0
       0
       1
       0
       0
       0
       0
       0
       0
       0
       0
       0
       0
       0
       0
       0
       0
       0
       1
       0
       0
       0
       0
       0
       1
       0
       0
       0
       0
       0
       0
       0
       0
       0
       1
       0
       0
       0
       0
       0
       0
       0
       0
       0
       0
       1
       0
       0
       0
       0
       0
       0
       0
       0
       0
       0
       0
       0
       0
       0
       0
       0
       1
       0
       0
       0
       1
       0
       0
       0
       0
       0
       0
       0
       0
       0
       0
       0
       0
       0
       0
       0
       0
       0
       0
       1
       0
       0
       0
       0
       0
       0
       0
       0
       0
       0
       0
       0
       0
       0
       0
       1
       0
       0
       0
       0
       0
       0
       0
       0
       0
       0
       0
       0
       0
       0
       0
       0
       0
       1
       0
       0
       0
       0
       0
       0
       0
       0
       0
       0
       0
       0
       0
       0
       0
       0
       0
       0
       0
       0
       0
       0
       0
       0
       0
       0
       0
       0
       0
       0
       0
       0
       0
       0
       0
       0
       0
       0
       0
       0
       0
       0
       0
       0
       0
       0
       0
       0
       0
       0
       0
       0
       1
       0
       0
       0
       0
       0
       0
       0
       0
       0
       1
       0
       0
       0
       0
       0
       0
       0
       0
       0
       0
       0
       0
       0
       0
       0
       0
       0
       0
       0
       0
       0
       0
       1
       0
       0
       0
       0
       0
       0
       0
       0
       0
       0
       0
       0
       0
       0
       0
       0
       0
       0
       0
       0
       0
       0
       0
       0
       0
       0
       0
       0
       0
       0
       0
       0
       0
       1
       0
       0
       0
       0
       0
       0
       0
       0
       0
       0
       0
       0
       0
       0
       0
       0
       0
       0
       0
       0
       0
       0
       0
       0
       0
       0
       0
       0
       0
       0
       0
       0
       0
       0
       0
       0
       0
       0
       1
       0
       0
       0
       0
       0
       0
       0
       0
       0
       0
       0
       0
       0
       0
       0
       0
       0
       0
       1
       0
       0
       0
       0
       0
       0
       0
       0
       0
       0
       0
       1
       1
       0
       0
       0
       0
       0
       0
       0
       0
       0
       0
       0
       0
       0
       0
       0
       0
       0
