
       0
       0
      15
     542
     398
     451
     611
     641
     784
     994
    1876
    2340
    1779
    1548
    1371
    1141
    1113
     970
     990
     909
    1031
     930
     913
     858
     826
     875
     921
     782
     756
     724
     739
     740
     771
     776
     746
     621
     555
     544
     617
     740
     693
     663
     471
     456
     446
     579
     673
     800
     743
     571
     357
     281
     239
     258
     253
     204
     209
     217
     175
     181
     154
     155
     187
     152
     164
     170
     152
     158
     178
     140
     147
     138
     123
     135
     124
     120
     120
     128
     139
     149
     184
     276
     251
     326
     325
     325
     251
     242
     157
     137
      90
      82
      80
      83
      72
      73
      68
      73
      59
      72
      76
      69
      51
      61
      64
      76
      73
      63
      82
      68
      58
      77
      68
      92
      77
      61
      45
      49
      56
      44
      39
      57
      58
      38
      61
      49
      49
      38
      36
      36
      68
      50
      54
      55
      41
      60
      50
      41
      50
      38
      39
      40
      41
      45
      47
      39
      28
      39
      34
      34
      28
      31
      23
      20
      20
      34
      35
      43
      35
      37
      36
      52
      51
      44
      43
      48
      71
      46
      62
      40
      58
      38
      34
      42
      37
      37
      26
      30
      24
      23
      34
      23
      26
      35
      24
      23
      25
      29
      27
      24
      22
      22
      20
      23
      24
      18
      14
      22
      13
      24
      13
      17
      24
      18
      16
      14
      21
      20
      27
      23
      16
      25
      26
      26
      30
      21
      33
      31
      28
      33
      16
      23
      35
      24
      26
      23
      17
      26
      25
      17
      18
      20
      10
      18
      17
      15
      11
      13
       9
       9
      15
       8
       6
       7
      13
      13
       9
      10
      12
       9
       9
       5
      11
       7
       8
       4
       6
       6
       3
       7
       8
       5
       7
       9
       9
      11
      13
      12
       7
      17
      19
      16
      17
      26
      21
      23
      22
      24
      17
      18
      15
      14
      14
      14
      10
       8
       7
      10
      13
      14
       5
       6
       8
       7
       8
      10
       3
       1
       7
       7
       5
       5
       6
       5
       6
       4
       1
       2
       5
       1
       2
       2
       3
       1
       4
       6
       4
       5
       2
       4
       3
       3
       1
       4
       2
       3
       5
       1
       3
       4
       1
       1
       2
       9
       2
       4
       3
       5
       5
       1
       6
       2
       4
       4
       7
       5
       2
       7
       3
      10
       2
       9
       8
       4
       5
       5
       5
       7
       3
       5
       9
       7
       4
       2
       4
       4
       3
       2
       3
       3
       4
       2
       1
       1
       3
       0
       2
       1
       2
       1
       2
       2
       1
       1
       0
       1
       2
       1
       1
       0
       0
       0
       2
       3
       1
       2
       1
       1
       0
       3
       2
       0
       0
       4
       0
       2
       0
       2
       1
       2
       0
       1
       1
       1
       0
       1
       0
       1
       1
       2
       4
       0
       2
       1
       1
       3
       4
       2
       3
       0
       2
       2
       3
       1
       4
       3
       0
       0
       4
       0
       1
       1
       0
       1
       1
       2
       0
       1
       0
       0
       0
       0
       1
       1
       0
       1
       0
       0
       0
       0
       0
       0
       0
       0
       0
       0
       0
       0
       0
       0
       0
       0
       0
       0
       0
       0
       0
       0
       0
       0
       0
       0
       0
       0
       0
       0
       0
       0
       0
       0
       0
       0
       0
       0
       1
       0
       0
       0
       0
       0
       0
       0
       0
       0
       0
       0
       1
       0
       0
       0
       0
       0
       1
       0
       0
       0
       0
       0
       0
       0
       0
       0
       0
       0
       0
       0
       0
       0
       1
       0
       0
       1
       0
       0
       0
       0
       0
       1
       0
       0
       0
       0
       0
       0
       0
       0
       0
       0
       1
       0
       0
       1
       0
       0
       0
       0
       0
       0
       0
       0
       0
       0
       0
       0
       0
       0
       0
       0
       0
       0
       0
       0
       0
       0
       1
       0
       0
       0
       0
       0
       0
       0
       0
       0
       1
       1
       0
       0
       0
       0
       0
       0
       0
       0
       0
       0
       0
       0
       0
       0
       0
       0
       0
       0
       0
       0
       0
       0
       0
       0
       0
       0
       0
       0
       0
       0
       0
       0
       0
       0
       0
       0
       0
       0
       0
       0
       0
       0
       0
       0
       0
       0
       0
       0
       0
       0
       0
       0
       0
       0
       0
       0
       0
       0
       0
       0
       0
       0
       0
       1
       0
       0
       0
       0
       0
       0
       0
       0
       0
       1
       0
       0
       0
       0
       0
       0
       0
       0
       0
       1
       0
       1
       0
       0
       0
       0
       0
       0
       0
       0
       0
       0
       1
       0
       0
       0
       0
       0
       0
       0
       0
       0
       0
       1
       0
       0
       0
       0
       0
       0
       0
       0
       0
       0
       0
       0
       0
       0
       0
       0
       0
       0
       0
       0
       0
       0
       1
       0
       0
       0
       0
       0
       0
       0
       0
       0
       0
       0
       0
       0
       0
       0
       0
       0
       0
       0
       0
       0
       0
       0
       0
       0
       0
       0
       0
       0
       0
       0
       0
       0
       0
       0
       0
       0
       0
       0
       0
       0
       0
       0
       0
       0
       0
       0
       0
       0
       0
       0
       0
       0
       0
       1
       0
       0
       0
       0
       0
       0
       0
       0
       0
       0
       0
       0
       0
       0
       0
       0
       0
       0
       0
       0
       0
       0
       0
       0
       0
       0
       0
       0
       0
       0
       0
       0
       0
       0
       0
       0
       0
       0
       0
       0
       0
       0
       0
       0
       0
       0
       0
       0
       0
       1
       0
       1
       0
       0
       0
       0
       0
       0
       0
       0
       0
       0
       0
       0
       0
       0
       0
       0
       0
       0
       0
       0
       0
       0
       0
       0
       0
       0
       0
       0
       0
       0
       0
       0
       0
       0
       1
       0
       0
       0
       0
       0
       0
       0
       0
       0
       0
       0
       0
       0
       0
       0
       0
       0
       0
       0
       0
       0
       0
       0
       1
       0
       0
       0
       0
       0
       0
       0
       0
       0
       0
       0
       0
       0
       0
       0
       1
       0
       0
       0
       0
       0
       0
       0
       0
       0
       0
       0
       0
       0
       0
       0
       0
       0
       0
       1
       0
       0
       0
       0
       0
       0
       0
       0
       0
       0
       0
       0
       0
       0
       0
       0
       0
       0
       0
       0
       0
       0
       2
       0
       0
       0
       0
       0
       0
       0
       0
       0
       0
       0
       0
       0
       0
       0
       0
       0
       0
       0
       0
       0
       0
       0
       0
       0
       0
       0
       0
       0
       0
       0
       0
       0
       1
       0
       0
       0
       0
       0
       0
       0
       0
       0
       0
       0
       0
       0
       0
       1
       0
       0
       0
       0
       0
       0
       0
       0
       0
       0
       0
       1
       0
       0
       0
       0
       0
       0
       0
       0
       0
       0
       0
       0
       0
       0
       0
       0
       0
       0
       0
       0
       0
       0
