
       0
       0
      10
     457
     397
     477
     589
     665
     761
     946
    1926
    2335
    1725
    1541
    1371
    1211
    1127
    1032
     964
     925
     926
     922
     895
     840
     867
     918
     888
     792
     732
     709
     649
     725
     785
     770
     687
     587
     584
     591
     604
     753
     712
     578
     469
     420
     453
     571
     697
     820
     742
     553
     382
     280
     277
     220
     223
     230
     198
     183
     202
     182
     152
     167
     171
     135
     146
     175
     153
     160
     138
     147
     158
     169
     124
     144
     113
     110
     126
     100
     139
     151
     192
     220
     282
     318
     338
     316
     293
     189
     158
     116
     111
      88
      75
      80
      63
      79
      72
      86
      62
      75
      72
      74
      71
      68
      70
      67
      69
      67
      76
      69
      67
      74
      65
      62
      68
      58
      59
      44
      55
      61
      54
      47
      46
      42
      43
      41
      36
      46
      55
      55
      45
      51
      45
      39
      35
      37
      43
      42
      39
      43
      42
      32
      37
      30
      32
      38
      36
      22
      41
      38
      36
      29
      32
      36
      28
      33
      23
      35
      38
      35
      28
      46
      47
      42
      67
      45
      59
      63
      52
      44
      54
      49
      50
      36
      31
      33
      17
      39
      22
      39
      23
      19
      30
      24
      34
      34
      29
      26
      24
      27
      30
      27
      30
      22
      26
      28
      25
      23
      15
      15
      11
      18
      19
      16
      22
      19
      21
      18
      25
      18
      21
      38
      20
      22
      29
      20
      24
      33
      26
      23
      23
      23
      28
      26
      34
      38
      29
      23
      28
      27
      27
      20
      17
      21
      16
      12
      14
      14
      12
      13
      10
      15
       9
      10
       6
       9
      10
       6
       7
       6
      10
       9
       5
      13
       5
       6
       4
       7
       7
       6
       3
       9
       8
      11
      11
      15
       9
      15
      12
      14
      19
      22
      13
      15
      19
      21
      18
      20
      24
      24
      22
      16
      26
      14
      15
       7
      10
       8
       9
      10
      13
       4
      10
       7
       6
       7
       6
       6
       6
       1
       2
       6
       4
       3
       4
       3
       4
       4
       3
       1
       4
       1
       2
       3
       3
       2
       0
       1
       0
       4
       4
       3
       3
       3
       4
       1
       1
       0
       2
       3
       1
       1
       2
       3
       3
       9
       4
       5
       7
       7
       3
       4
       1
       0
       4
       5
       2
       0
       2
       4
       2
       1
       3
       6
       5
       2
       3
       4
       6
       2
       5
       7
       2
       1
       1
       0
       1
       3
       2
       2
       4
       2
       0
       1
       2
       2
       2
       1
       4
       0
       0
       1
       0
       0
       1
       0
       0
       1
       0
       2
       1
       2
       4
       1
       1
       0
       0
       2
       1
       0
       0
       0
       1
       2
       2
       1
       1
       0
       0
       0
       0
       0
       0
       1
       0
       2
       2
       3
       3
       0
       1
       2
       4
       1
       5
       1
       3
       4
       3
       3
       1
       1
       1
       1
       1
       1
       1
       1
       0
       1
       4
       1
       0
       3
       1
       0
       0
       1
       1
       0
       1
       2
       0
       0
       1
       0
       0
       0
       0
       1
       0
       0
       0
       0
       0
       0
       0
       1
       0
       0
       0
       0
       0
       0
       0
       0
       0
       0
       0
       0
       0
       0
       0
       0
       0
       0
       0
       0
       0
       0
       0
       0
       0
       0
       0
       0
       0
       0
       1
       1
       0
       0
       0
       0
       0
       0
       0
       0
       0
       0
       0
       0
       0
       0
       0
       0
       0
       0
       0
       0
       0
       1
       0
       0
       0
       0
       0
       0
       0
       0
       0
       0
       0
       0
       0
       0
       0
       0
       0
       0
       0
       0
       0
       0
       0
       0
       0
       0
       0
       0
       0
       0
       0
       0
       0
       0
       0
       0
       0
       0
       0
       0
       0
       0
       0
       0
       0
       0
       0
       0
       0
       0
       1
       0
       0
       1
       0
       0
       0
       0
       0
       0
       0
       0
       0
       1
       0
       0
       0
       0
       0
       0
       0
       0
       0
       0
       0
       0
       1
       0
       0
       0
       0
       0
       0
       0
       0
       0
       0
       0
       0
       1
       0
       0
       0
       0
       0
       0
       0
       0
       0
       0
       0
       0
       0
       0
       0
       0
       0
       0
       0
       0
       0
       0
       0
       0
       1
       0
       0
       0
       1
       0
       0
       0
       0
       0
       0
       0
       0
       0
       0
       0
       0
       0
       0
       0
       1
       0
       0
       0
       0
       0
       0
       0
       0
       0
       0
       0
       0
       0
       0
       0
       0
       0
       0
       0
       0
       0
       0
       0
       0
       0
       0
       0
       0
       0
       1
       0
       0
       0
       0
       0
       0
       0
       0
       0
       0
       0
       0
       0
       0
       0
       0
       0
       0
       0
       0
       0
       0
       0
       0
       0
       0
       0
       0
       0
       0
       0
       0
       0
       0
       0
       0
       0
       1
       0
       0
       0
       0
       0
       0
       0
       0
       0
       0
       0
       2
       0
       0
       0
       1
       0
       0
       0
       0
       0
       1
       0
       0
       0
       0
       1
       0
       0
       0
       0
       0
       0
       0
       0
       0
       0
       0
       0
       0
       0
       0
       0
       0
       0
       0
       0
       0
       0
       0
       0
       0
       0
       0
       1
       0
       0
       0
       0
       0
       0
       0
       0
       0
       0
       0
       0
       0
       0
       0
       0
       0
       0
       1
       0
       0
       0
       0
       0
       1
       0
       0
       0
       0
       0
       0
       0
       0
       0
       0
       0
       0
       0
       0
       0
       0
       0
       0
       0
       0
       0
       0
       0
       0
       0
       0
       0
       0
       0
       0
       0
       0
       0
       0
       0
       0
       0
       0
       0
       0
       0
       0
       0
       0
       0
       0
       0
       0
       1
       0
       0
       0
       0
       0
       0
       0
       0
       0
       1
       1
       0
       0
       1
       0
       0
       0
       0
       0
       0
       0
       0
       0
       0
       0
       0
       0
       0
       0
       0
       0
       0
       0
       0
       1
       1
       0
       0
       0
       0
       0
       0
       0
       0
       0
       0
       0
       0
       0
       0
       0
       0
       0
       1
       0
       0
       0
       0
       0
       0
       0
       0
       0
       0
       0
       0
       0
       0
       0
       0
       0
       0
       0
       0
       0
       0
       0
       0
       0
       0
       0
       0
       0
       0
       0
       0
       0
       0
       0
       0
       0
       0
       0
       0
       0
       0
       0
       0
       0
       0
       0
       0
       0
       0
       0
       0
       0
       0
       0
       0
       0
       0
       0
       0
       0
       0
       0
       0
       0
       0
       0
       0
       0
       0
       0
       0
       0
       1
       0
       0
       0
       1
       0
       0
       0
       0
       0
       0
       0
       0
       0
       0
       0
       0
       0
       0
       0
       0
       0
       0
       0
       0
       0
       0
       0
       0
       0
       0
       0
       0
       0
       0
       0
       0
       0
       0
       0
       0
       0
       0
