
       0
       0
      26
    1143
    1033
    1112
    1475
    1431
    1535
    1980
    4284
    5208
    3319
    2130
    1585
    1561
    1532
    1583
    1600
    1553
    1651
    1677
    1616
    1659
    1625
    1867
    1907
    1566
    1452
    1373
    1375
    1589
    1814
    1811
    1614
    1324
    1229
    1255
    1748
    2088
    2273
    1846
    1280
     929
    1205
    1601
    2223
    2666
    2443
    1782
    1115
     764
     645
     542
     568
     531
     510
     463
     445
     428
     413
     424
     378
     399
     428
     414
     370
     375
     391
     376
     376
     357
     341
     310
     302
     280
     297
     290
     348
     450
     579
     733
     927
    1087
    1170
    1146
    1014
     818
     529
     366
     302
     270
     207
     217
     222
     213
     196
     178
     175
     164
     175
     164
     157
     178
     178
     161
     178
     218
     221
     223
     207
     199
     216
     176
     182
     167
     161
     136
     148
     157
     160
     134
     148
     135
     117
     114
     112
     131
     136
     104
     134
     127
     111
     136
     129
     144
     130
     117
     113
     107
     101
      94
      92
      91
      90
      85
      74
      75
      65
      71
      88
      79
      80
      64
      74
      75
      91
      81
      99
      93
     113
     144
     154
     143
     162
     196
     176
     208
     172
     159
     168
     127
      94
     100
      76
      95
      74
      67
      74
      55
      68
      82
      91
      79
      91
      99
      92
      86
      84
      77
      90
      64
      65
      59
      54
      48
      57
      50
      54
      49
      49
      46
      54
      56
      48
      63
      53
      83
      75
      70
      83
      70
      86
      85
      93
      87
      89
      67
      64
      74
      62
      62
      54
      53
      74
      48
      58
      42
      54
      62
      59
      64
      47
      39
      38
      46
      38
      44
      30
      29
      26
      28
      35
      28
      31
      31
      30
      27
      22
      31
      27
      28
      22
      20
      22
      20
      20
      23
      15
       8
      27
      24
      16
      16
      25
      22
      38
      41
      51
      54
      40
      57
      52
      64
      64
      59
      75
      74
      75
      74
      63
      61
      44
      39
      57
      39
      32
      22
      30
      22
      32
      35
      18
      17
      18
      22
      18
      14
      15
      15
      13
      10
      14
      11
       9
      10
       8
       7
       9
      10
      11
       7
      10
      11
      10
       6
       5
      10
       7
       5
       6
       6
       8
       7
       6
       6
       9
       6
       4
       3
       3
       3
       4
       2
       4
       9
       5
       5
       7
       6
       7
      10
      12
       6
      10
      12
       5
      13
       9
      15
      20
      12
      14
       9
       6
      18
      16
      13
      21
      14
      15
       6
      11
       8
      10
       3
       7
       5
       3
       7
       7
       3
       2
       5
       1
       1
       2
       4
       4
       2
       5
       2
       3
       1
       1
       1
       3
       2
       2
       0
       2
       6
       2
       0
       5
       6
       2
       4
       3
       3
       6
       2
       4
       4
       1
       1
       0
       2
       5
       3
       2
       0
       0
       1
       2
       0
       6
       0
       1
       2
       0
       0
       0
       2
       2
       4
       0
       1
       2
       1
       1
       3
       1
       3
       1
       3
       2
       0
       3
       2
       4
       2
       2
       0
       0
       0
       1
       0
       2
       0
       0
       0
       0
       0
       0
       0
       0
       1
       0
       0
       1
       0
       0
       0
       1
       0
       1
       1
       0
       0
       1
       0
       0
       0
       0
       0
       0
       0
       0
       0
       0
       0
       0
       0
       0
       0
       0
       0
       0
       0
       0
       0
       0
       0
       0
       1
       1
       0
       0
       0
       0
       0
       0
       0
       0
       0
       0
       0
       0
       0
       0
       0
       0
       0
       0
       1
       0
       0
       0
       2
       0
       0
       0
       0
       0
       0
       0
       0
       0
       0
       0
       0
       0
       0
       0
       1
       0
       0
       0
       0
       0
       0
       0
       0
       0
       0
       0
       0
       0
       0
       1
       0
       0
       0
       0
       0
       0
       0
       0
       0
       0
       0
       0
       0
       0
       0
       0
       0
       0
       0
       0
       0
       0
       0
       0
       0
       0
       0
       0
       0
       0
       0
       0
       0
       0
       1
       0
       0
       0
       0
       0
       0
       0
       0
       0
       0
       0
       0
       0
       0
       0
       1
       0
       1
       0
       0
       0
       0
       0
       0
       0
       0
       0
       0
       0
       0
       0
       1
       0
       0
       0
       0
       1
       0
       0
       0
       0
       0
       0
       0
       0
       0
       1
       0
       0
       0
       0
       0
       0
       1
       0
       0
       0
       1
       0
       0
       0
       0
       0
       0
       1
       0
       1
       0
       0
       0
       0
       0
       1
       0
       0
       0
       0
       1
       1
       0
       0
       0
       0
       0
       0
       0
       0
       0
       0
       0
       0
       0
       0
       0
       0
       0
       0
       0
       0
       0
       0
       0
       0
       0
       0
       0
       0
       0
       0
       0
       0
       0
       1
       0
       0
       0
       0
       0
       0
       0
       0
       0
       0
       0
       0
       0
       0
       0
       0
       0
       0
       0
       0
       0
       0
       0
       1
       0
       0
       0
       0
       0
       0
       1
       0
       0
       0
       0
       0
       0
       0
       0
       0
       0
       0
       0
       0
       0
       0
       0
       0
       0
       0
       0
       0
       0
       0
       0
       0
       0
       0
       0
       0
       0
       0
       0
       0
       0
       0
       0
       0
       0
       0
       0
       0
       0
       0
       1
       0
       0
       0
       0
       0
       0
       0
       0
       0
       0
       0
       0
       0
       0
       0
       0
       0
       0
       0
       0
       0
       0
       0
       0
       0
       0
       0
       0
       0
       0
       0
       0
       0
       0
       0
       0
       0
       0
       0
       0
       0
       0
       0
       0
       0
       0
       0
       0
       0
       0
       0
       0
       0
       0
       0
       0
       0
       0
       0
       0
       0
       0
       0
       0
       1
       0
       0
       0
       0
       0
       0
       0
       0
       0
       0
       0
       0
       0
       0
       0
       0
       0
       0
       0
       0
       0
       0
       0
       0
       0
       0
       0
       0
       0
       0
       0
       0
       0
       0
       0
       0
       0
       0
       0
       0
       0
       0
       0
       0
       0
       0
       0
       0
       1
       0
       0
       0
       0
       0
       0
       0
       0
       0
       0
       0
       1
       0
       0
       0
       0
       0
       0
       0
       0
       0
       0
       0
       0
       0
       0
       0
       0
       0
       0
       0
       0
       1
       0
       0
       0
       0
       0
       0
       0
       0
       0
       0
       0
       0
       0
       0
       0
       0
       0
       0
       0
       0
       0
       0
       0
       0
       0
       0
       0
       0
       0
       0
       0
       0
       0
       0
       0
       0
       0
       0
       0
       0
       1
       0
       0
       0
       0
       0
       0
       0
       0
       0
       0
       0
       0
       0
       0
       0
       0
       0
       0
       0
       0
       0
       0
       0
       0
       1
       0
       0
       0
       0
       0
       0
       0
       0
       0
       0
       0
       0
       0
       0
       0
       0
       0
       0
       0
       0
       0
       0
       0
       0
       0
       0
       0
       0
       0
       0
       0
       0
       0
       0
       0
       0
       0
