       0
       0
      53
     895
     699
     759
     873
    1013
    1212
    1570
    1860
    2335
    3006
    2837
    2942
    3181
    2837
    2500
    2397
    2253
    2120
    2094
    2096
    2070
    2070
    1975
    1973
    1896
    1996
    1969
    1730
    1620
    1557
    1452
    1504
    1617
    1616
    1479
    1319
    1164
    1128
    1156
    1203
    1341
    1498
    1300
    1145
     895
     732
     751
     914
    1130
    1329
    1402
    1272
    1074
     763
     554
     449
     413
     371
     396
     368
     324
     298
     302
     310
     312
     275
     262
     260
     264
     240
     256
     227
     248
     214
     203
     238
     233
     200
     201
     217
     171
     159
     182
     185
     176
     203
     200
     212
     285
     366
     435
     464
     616
     624
     631
     539
     469
     383
     262
     241
     195
     135
     140
     142
     124
     107
     126
     113
      90
      89
     111
     109
     121
      91
     112
     118
     110
     104
     109
     126
     133
     132
     136
     115
     132
     123
     130
     138
      97
      82
     106
     106
      85
      86
      69
      97
      74
      74
      71
      76
      75
      88
      78
      75
      55
      81
      79
      69
      75
      89
      83
      81
      74
      78
      79
      72
      63
      63
      76
      64
      73
      56
      81
      44
      57
      54
      51
      46
      60
      42
      46
      40
      46
      47
      36
      51
      48
      43
      61
      47
      51
      65
      75
      81
      62
      84
     104
     106
      94
      93
     108
     107
      94
      91
      87
      79
      49
      70
      52
      53
      46
      44
      46
      47
      45
      45
      42
      45
      47
      47
      56
      47
      63
      59
      49
      46
      48
      45
      46
      38
      49
      34
      38
      28
      26
      29
      30
      26
      22
      36
      31
      23
      29
      23
      28
      35
      37
      41
      39
      40
      47
      48
      39
      47
      52
      42
      60
      53
      51
      56
      48
      48
      57
      48
      35
      45
      51
      39
      37
      46
      37
      41
      34
      31
      31
      24
      27
      22
      21
      21
      36
      17
      21
      21
      14
      22
      17
      13
      12
      13
      19
      21
      10
      11
      20
      15
      12
      14
      11
      20
      14
      11
      11
       8
      10
       6
      11
      11
      17
      13
      14
      16
      13
      13
       8
      16
      18
      30
      27
      22
      30
      19
      40
      38
      37
      28
      42
      29
      32
      32
      37
      35
      28
      28
      27
      19
      22
      25
      21
       8
      17
      10
      17
      14
      14
      12
      10
      12
      11
       9
       8
       9
      15
       8
       7
       7
       6
       9
      10
       6
       4
       8
       3
       5
       7
       2
       7
       6
       8
       4
       4
       5
       8
       4
       4
       5
       1
       5
       4
       7
       4
       4
       4
       2
       3
       5
       8
       2
       2
       4
       4
       1
       2
       6
       3
       7
       4
       4
       3
       3
       8
       5
       4
       7
       5
       8
      11
       9
       7
       5
      12
       5
       6
      10
      12
      11
       7
       4
       9
       5
      12
      11
      10
      15
       7
       7
       8
       7
       6
       5
       7
       4
       3
       3
       4
       4
       1
       0
       3
       4
       3
       0
       6
       0
       1
       2
       5
       1
       4
       2
       2
       1
       1
       3
       0
       3
       1
       3
       1
       6
       2
       0
       1
       3
       5
       1
       1
       2
       4
       1
       5
       0
       2
       2
       2
       3
       1
       1
       1
       1
       0
       2
       0
       0
       1
       0
       1
       1
       1
       0
       0
       1
       3
       0
       1
       0
       1
       3
       0
       5
       1
       1
       4
       3
       2
       2
       5
       3
       2
       0
       4
       2
       4
       3
       1
       0
       1
       0
       1
       0
       1
       0
       1
       0
       3
       0
       0
       0
       0
       0
       0
       0
       0
       0
       1
       0
       1
       0
       0
       1
       0
       0
       1
       0
       0
       0
       0
       0
       0
       0
       0
       0
       0
       0
       0
       0
       0
       0
       0
       0
       0
       0
       0
       0
       0
       0
       0
       0
       0
       0
       1
       0
       0
       0
       0
       0
       0
       0
       0
       1
       0
       0
       0
       0
       0
       0
       0
       0
       0
       0
       1
       0
       0
       0
       0
       1
       0
       0
       0
       0
       0
       0
       0
       0
       0
       0
       0
       0
       0
       1
       1
       1
       0
       0
       0
       1
       0
       0
       1
       0
       0
       0
       0
       0
       0
       0
       0
       0
       0
       0
       0
       0
       0
       0
       0
       0
       0
       0
       0
       0
       0
       0
       0
       0
       0
       0
       0
       0
       0
       0
       0
       0
       0
       0
       0
       0
       0
       0
       0
       0
       0
       0
       0
       1
       0
       1
       0
       1
       0
       0
       0
       0
       0
       0
       0
       0
       0
       0
       0
       0
       0
       0
       0
       1
       0
       0
       0
       0
       0
       0
       0
       0
       0
       0
       0
       0
       0
       0
       1
       0
       1
       1
       0
       0
       0
       1
       1
       0
       0
       0
       0
       0
       0
       0
       0
       0
       0
       0
       0
       0
       0
       1
       0
       0
       0
       0
       0
       1
       0
       0
       0
       0
       0
       0
       1
       0
       0
       0
       0
       0
       0
       0
       1
       1
       0
       0
       1
       0
       0
       0
       0
       0
       0
       0
       0
       0
       0
       0
       0
       0
       0
       0
       0
       0
       2
       0
       0
       0
       0
       0
       0
       0
       0
       0
       0
       0
       0
       0
       0
       0
       0
       0
       0
       0
       0
       0
       0
       0
       0
       0
       0
       0
       0
       0
       0
       0
       0
       0
       0
       0
       0
       0
       0
       0
       0
       0
       0
       0
       0
       0
       0
       0
       1
       0
       0
       0
       0
       0
       0
       0
       0
       0
       0
       0
       0
       0
       0
       0
       0
       0
       0
       0
       1
       0
       0
       0
       0
       0
       0
       0
       0
       0
       0
       1
       0
       0
       0
       0
       0
       0
       0
       0
       0
       0
       0
       0
       0
       0
       0
       0
       0
       1
       0
       0
       0
       0
       0
       0
       0
       0
       0
       0
       0
       0
       0
       0
       0
       0
       0
       0
       0
       0
       0
       0
       0
       0
       1
       0
       0
       0
       0
       0
       0
       0
       0
       0
       0
       0
       0
       0
       0
       0
       0
       0
       0
       0
       0
       0
       0
       0
       0
       0
       0
       0
       0
       0
       0
       0
       0
       0
       0
       0
       0
       0
       0
       0
       0
       0
       0
       0
       0
       0
       0
       0
       0
       0
       0
       0
       0
       0
       0
       0
       0
       0
       0
       1
       0
       0
       0
       0
       0
       0
       0
       0
       0
       0
       0
       0
       0
       0
       0
       0
       0
       0
       0
       0
       0
       1
       0
       0
       0
       0
       0
       0
       0
       0
       0
       0
       0
       0
       0
       0
       0
       0
       0
       0
       0
       0
       0
       0
       0
       0
       0
       0
       0
       0
       0
       0
       0
       0
       0
       1
       0
       0
       0
       0
       0
       0
       0
       0
       0
       0
       0
       0
       0
       0
       0
       0
       0
       0
       0
       0
       0
       0
       0
       0
       0
       0
       0
       0
       0
