       0
       0
      28
     420
     362
     375
     409
     490
     606
     833
     967
    1243
    1486
    1389
    1458
    1432
    1464
    1432
    1341
    1401
    1325
    1265
    1278
    1236
    1137
    1097
    1018
     938
     971
     869
     823
     821
     776
     720
     687
     683
     673
     631
     557
     493
     457
     436
     434
     438
     385
     337
     318
     303
     287
     261
     268
     259
     259
     239
     239
     204
     195
     191
     173
     165
     159
     164
     139
     150
     142
     161
     145
     130
     134
     117
     115
     129
     110
     109
     128
     103
     140
     114
     112
     110
     117
     104
     107
      85
      98
      97
      72
      80
      94
      89
      91
     108
      89
      91
     106
     126
     124
     105
     113
      72
      73
      87
      75
      65
      66
      59
      67
      47
      64
      44
      37
      59
      72
      45
      63
      54
      44
      48
      47
      52
      61
      50
      52
      52
      51
      44
      47
      38
      49
      44
      49
      34
      56
      28
      46
      36
      34
      31
      43
      44
      36
      42
      31
      38
      43
      48
      37
      42
      41
      29
      41
      37
      35
      34
      34
      38
      32
      37
      34
      31
      30
      38
      32
      30
      34
      36
      33
      39
      20
      28
      28
      27
      30
      32
      32
      34
      28
      24
      26
      31
      31
      16
      34
      32
      33
      30
      26
      35
      21
      36
      33
      36
      39
      42
      40
      32
      33
      32
      29
      19
      22
      22
      24
      32
      32
      22
      25
      20
      25
      17
      25
      32
      20
      26
      19
      21
      18
      17
      12
      27
      16
      23
      20
      16
      13
      15
      20
      24
      12
      11
      14
      16
      12
      24
      13
      15
      14
       9
      12
      12
      22
      14
      13
      22
      25
      12
      19
      10
      14
      16
      24
      21
      18
      25
      27
      29
      25
      32
      27
      29
      26
      27
      29
      24
      29
      17
      15
      19
      12
      18
      19
      12
      10
       8
      12
      13
      10
       5
      12
       5
       8
       6
       5
       6
      10
       8
       7
       6
       8
       7
       7
      10
       5
       4
       3
       2
       8
       5
       8
       8
       5
       9
       3
       7
       5
       5
       5
       7
      10
       9
       9
       5
      11
       8
      10
      12
       8
      20
       9
      15
       7
      13
      11
      13
      14
      14
       7
      13
       5
       4
       6
       4
      10
      10
       2
       4
       5
       1
       5
      10
      10
       4
      11
       6
       2
       2
       6
       7
       3
       5
       3
       4
       4
       4
       3
       4
       5
       2
       2
       1
       0
       3
       1
       2
       3
       3
       2
       3
       3
       3
       2
       5
       2
       7
       1
       1
       1
       4
       2
       3
       1
       1
       3
       3
       4
       2
       3
       1
       1
       3
       2
       4
       4
       3
       1
       4
       4
       3
       6
       3
       3
       1
       3
       4
       2
       4
       7
       7
       3
       8
       2
       4
       2
       5
       2
       3
       2
       3
       3
       1
       7
       3
       2
       4
       2
       2
       0
       4
       3
       4
       3
       0
       2
       1
       0
       0
       1
       0
       2
       0
       4
       1
       1
       2
       1
       1
       2
       1
       0
       3
       0
       0
       1
       1
       0
       1
       1
       1
       1
       0
       2
       2
       0
       2
       0
       2
       2
       1
       1
       0
       2
       0
       0
       1
       1
       0
       0
       2
       0
       1
       0
       0
       2
       1
       2
       3
       3
       2
       1
       2
       3
       1
       0
       3
       3
       2
       1
       3
       7
       2
       1
       3
       3
       0
       1
       2
       1
       2
       2
       0
       2
       1
       1
       1
       0
       1
       1
       1
       0
       0
       0
       0
       0
       0
       0
       0
       0
       0
       0
       0
       0
       0
       0
       1
       0
       0
       0
       0
       0
       0
       0
       0
       0
       0
       0
       0
       0
       0
       0
       0
       0
       0
       0
       0
       0
       0
       0
       1
       0
       0
       0
       0
       0
       0
       0
       0
       0
       0
       0
       0
       0
       0
       0
       0
       0
       0
       0
       0
       1
       0
       0
       0
       0
       0
       0
       0
       0
       0
       0
       0
       0
       0
       0
       0
       1
       0
       0
       0
       0
       0
       1
       0
       0
       0
       0
       0
       0
       0
       1
       0
       0
       0
       0
       0
       0
       1
       0
       1
       0
       0
       0
       0
       0
       0
       0
       0
       0
       0
       0
       0
       1
       0
       0
       0
       1
       0
       0
       0
       0
       0
       0
       0
       0
       0
       0
       0
       0
       0
       0
       0
       0
       0
       0
       0
       0
       0
       0
       0
       0
       0
       0
       0
       0
       0
       0
       0
       0
       1
       0
       0
       0
       0
       0
       1
       0
       0
       0
       0
       0
       0
       0
       0
       0
       0
       0
       0
       0
       0
       0
       0
       0
       0
       0
       0
       0
       0
       0
       0
       0
       0
       0
       0
       0
       0
       0
       0
       0
       1
       0
       0
       0
       0
       0
       0
       0
       0
       0
       0
       1
       0
       0
       0
       0
       0
       0
       0
       0
       0
       0
       0
       0
       0
       1
       0
       0
       0
       0
       0
       1
       0
       0
       0
       0
       0
       0
       1
       0
       0
       0
       0
       0
       0
       0
       0
       0
       1
       0
       0
       0
       0
       0
       0
       0
       0
       0
       0
       0
       1
       0
       0
       0
       1
       1
       0
       0
       0
       0
       0
       0
       0
       0
       0
       0
       0
       0
       0
       0
       0
       0
       0
       0
       0
       0
       0
       0
       0
       0
       0
       0
       0
       0
       0
       0
       1
       0
       0
       0
       0
       0
       0
       0
       0
       0
       0
       0
       0
       0
       0
       0
       0
       0
       0
       0
       0
       0
       0
       1
       0
       0
       0
       0
       0
       1
       0
       0
       0
       0
       0
       0
       1
       0
       0
       0
       0
       0
       0
       0
       0
       0
       0
       0
       0
       0
       0
       0
       0
       0
       0
       0
       0
       0
       0
       0
       0
       0
       0
       0
       0
       0
       0
       0
       0
       0
       0
       0
       0
       0
       0
       0
       0
       0
       0
       0
       0
       0
       0
       0
       1
       0
       0
       0
       0
       0
       0
       0
       0
       0
       0
       0
       0
       0
       0
       0
       0
       0
       0
       0
       0
       0
       0
       0
       0
       0
       0
       0
       0
       0
       0
       0
       0
       0
       0
       0
       0
       0
       0
       0
       0
       0
       0
       1
       0
       0
       0
       0
       0
       0
       0
       0
       1
       0
       0
       1
       0
       0
       0
       0
       0
       0
       0
       0
       0
       0
       0
       0
       0
       0
       0
       0
       0
       0
       0
       0
       0
       0
       0
       0
       0
       0
       0
       0
       0
       0
       0
       0
       0
       0
       0
       0
       0
       0
       0
       0
       0
       0
       0
       0
       0
       0
       0
       0
       0
       0
       0
       0
       0
       0
       0
       0
       0
       0
       0
       0
       0
       0
       0
       0
       0
       0
       0
       0
       0
       0
       0
       0
       0
       0
       0
       0
       0
       0
       0
       0
       0
