       0
       0
      13
     407
     329
     329
     438
     522
     643
     818
    1010
    1247
    1423
    1443
    1544
    1433
    1425
    1365
    1344
    1318
    1284
    1272
    1258
    1170
    1093
    1042
     968
     929
     896
     884
     797
     816
     811
     767
     721
     676
     638
     614
     549
     482
     490
     458
     400
     419
     379
     359
     359
     272
     272
     265
     288
     280
     250
     256
     238
     222
     184
     193
     169
     172
     179
     171
     156
     154
     150
     137
     138
     145
     109
     114
     149
     109
     126
     102
     116
     110
     113
     105
      98
     101
     100
     109
     122
     104
      90
      84
      78
      69
      78
      70
     101
      97
      94
     113
      94
     107
     112
      94
      95
      84
      95
      78
      55
      71
      61
      57
      66
      58
      59
      62
      54
      54
      66
      55
      39
      52
      59
      51
      53
      47
      46
      54
      40
      39
      51
      49
      40
      48
      54
      48
      56
      43
      51
      33
      34
      40
      41
      44
      31
      30
      41
      31
      31
      38
      39
      28
      29
      30
      32
      47
      30
      39
      37
      44
      39
      29
      43
      27
      38
      41
      36
      37
      27
      37
      47
      33
      29
      33
      33
      29
      28
      24
      20
      28
      19
      28
      30
      22
      20
      25
      22
      36
      22
      37
      40
      27
      40
      27
      39
      45
      45
      35
      31
      36
      32
      29
      38
      26
      24
      29
      23
      19
      22
      15
      14
      26
      27
      25
      22
      27
      19
      21
      20
      20
      16
      14
      23
      21
      25
      19
      26
      22
      14
      18
      16
      17
      19
       7
      12
       8
      22
      17
      12
      11
      11
      20
      16
      15
      17
      14
      23
      19
      13
      17
      14
      20
      21
      20
      20
      18
      17
      13
      21
      21
      15
      39
      22
      33
      18
      25
      30
      22
      24
      24
      23
      20
      20
      15
      14
      17
      14
       8
      15
       7
      18
      17
       6
      14
       8
       7
       6
       5
       9
      10
      11
       6
       6
       6
       8
       6
       9
       5
       6
       5
       9
       5
       5
       4
       5
       8
       6
       8
       3
       8
       9
      11
       7
       8
       2
      10
       6
      12
       7
      10
      10
       7
      16
      12
      16
      10
      13
      13
      12
       8
      15
      21
       7
      12
       7
      10
      10
       2
       4
       7
       5
       5
       1
       4
       3
      10
       4
       2
       7
       1
       2
       3
       1
       8
       1
       4
       4
       3
       2
       1
       4
       2
       2
       1
       9
       3
       1
       3
       3
       3
       2
       5
       2
       3
       1
       2
       1
       2
       2
       6
       4
       1
       2
       2
       2
       2
       2
       5
       4
       3
       2
       2
       2
       2
       1
       2
       2
       4
       1
       1
       9
       5
       2
       2
       3
       4
       1
       5
       3
       6
       3
       3
       3
       4
       2
       6
       3
       5
       3
       4
       5
       6
       4
       2
       4
       3
       2
       2
       4
       3
       4
       4
       3
       5
       3
       1
       2
       1
       3
       1
       2
       1
       6
       0
       3
       0
       2
       0
       1
       2
       0
       0
       3
       2
       1
       1
       2
       2
       0
       2
       0
       1
       0
       1
       1
       0
       0
       3
       1
       0
       0
       0
       1
       0
       0
       0
       1
       0
       1
       0
       0
       0
       0
       0
       0
       2
       1
       2
       1
       2
       1
       0
       0
       1
       2
       4
       4
       0
       1
       3
       4
       4
       2
       7
       6
       0
       6
       1
       4
       3
       0
       2
       3
       4
       2
       0
       1
       2
       0
       2
       1
       1
       0
       0
       0
       0
       0
       0
       0
       0
       0
       0
       0
       0
       0
       0
       0
       0
       0
       0
       0
       0
       0
       0
       0
       0
       0
       0
       0
       0
       0
       1
       0
       0
       0
       1
       0
       0
       0
       1
       1
       0
       0
       0
       1
       0
       0
       0
       0
       0
       0
       0
       0
       1
       0
       1
       0
       0
       0
       0
       0
       0
       0
       1
       0
       0
       0
       0
       0
       0
       0
       0
       1
       0
       0
       0
       0
       1
       0
       0
       0
       0
       0
       0
       0
       0
       0
       0
       0
       0
       0
       0
       0
       0
       0
       0
       0
       0
       1
       0
       0
       0
       0
       0
       0
       0
       0
       0
       1
       0
       0
       0
       0
       0
       0
       0
       0
       0
       0
       0
       0
       0
       0
       0
       0
       0
       1
       0
       0
       0
       0
       0
       0
       0
       0
       0
       0
       0
       0
       0
       0
       0
       0
       0
       0
       0
       0
       0
       0
       0
       1
       0
       1
       0
       0
       0
       0
       0
       0
       0
       0
       0
       0
       0
       0
       0
       0
       0
       0
       0
       0
       0
       0
       0
       0
       0
       0
       0
       0
       1
       0
       0
       0
       0
       0
       0
       0
       0
       0
       0
       0
       0
       0
       0
       0
       0
       0
       0
       1
       0
       0
       0
       0
       0
       0
       0
       0
       0
       1
       0
       0
       0
       0
       0
       0
       0
       0
       1
       0
       0
       0
       0
       0
       0
       0
       0
       0
       0
       0
       0
       1
       0
       0
       0
       0
       0
       0
       0
       0
       0
       0
       0
       0
       0
       0
       0
       0
       0
       0
       0
       0
       1
       0
       0
       0
       0
       0
       0
       0
       0
       0
       0
       0
       0
       0
       0
       0
       0
       0
       0
       0
       0
       0
       0
       0
       0
       0
       0
       0
       0
       0
       0
       0
       1
       0
       0
       0
       0
       0
       0
       0
       0
       0
       0
       0
       0
       0
       0
       0
       0
       0
       0
       0
       1
       0
       0
       0
       0
       0
       0
       0
       0
       0
       0
       0
       0
       0
       0
       0
       0
       0
       0
       0
       0
       0
       0
       0
       0
       0
       0
       0
       0
       0
       0
       0
       0
       0
       0
       0
       0
       0
       0
       0
       0
       0
       0
       0
       0
       0
       0
       0
       0
       0
       0
       0
       0
       0
       0
       0
       0
       0
       0
       0
       0
       0
       0
       0
       0
       0
       0
       0
       1
       2
       0
       0
       0
       0
       0
       1
       0
       1
       0
       0
       0
       0
       1
       0
       0
       0
       0
       0
       0
       0
       0
       0
       0
       0
       0
       0
       0
       0
       0
       0
       0
       0
       0
       0
       0
       0
       1
       0
       0
       0
       0
       0
       0
       0
       0
       0
       0
       1
       0
       0
       0
       0
       0
       0
       0
       0
       1
       0
       0
       0
       0
       0
       0
       0
       0
       0
       1
       0
       0
       0
       0
       0
       0
       0
       0
       0
       0
       0
       0
       0
       0
       0
       0
       0
       0
       0
       0
       0
       0
       0
       0
       0
       0
       0
       0
       0
       0
       0
       0
       0
       0
       0
       0
       0
       0
       0
       0
       0
       0
       0
       0
       0
       0
       0
       0
       0
       0
       0
       0
       0
       0
       0
       0
       0
       0
       0
       0
       0
       0
       0
       0
       0
       0
       0
       0
       0
       0
