       0
       0
      65
     938
     757
     825
     793
    1027
    1255
    1541
    1903
    2309
    2966
    2858
    3042
    3181
    2931
    2581
    2473
    2203
    2161
    2168
    2177
    2077
    2075
    1885
    1968
    1917
    1995
    1949
    1753
    1568
    1516
    1504
    1496
    1574
    1621
    1489
    1338
    1209
    1145
    1100
    1187
    1376
    1412
    1368
    1126
     871
     756
     807
     874
    1142
    1400
    1471
    1360
    1064
     782
     561
     455
     382
     391
     366
     382
     331
     322
     315
     314
     291
     254
     239
     243
     268
     252
     280
     237
     221
     233
     214
     218
     230
     231
     208
     217
     197
     181
     178
     174
     168
     196
     206
     213
     276
     341
     449
     497
     582
     634
     651
     553
     508
     376
     301
     242
     178
     138
     125
     128
     106
     114
     114
     128
     114
     100
     103
     125
     110
     100
     112
     107
     109
     115
     124
     100
     104
     133
     111
     125
     140
     124
     124
     121
     109
     102
      83
      98
      95
      88
      87
      89
      74
      71
      79
      84
      62
      72
      61
      67
      83
      67
      71
      81
      74
      76
      74
      94
      59
      71
      63
      82
      80
      75
      67
      81
      71
      60
      57
      63
      70
      54
      41
      58
      57
      47
      59
      58
      55
      53
      54
      48
      68
      44
      45
      42
      48
      67
      79
      69
      79
      87
     106
      96
     105
     109
     110
      86
      82
      92
      83
      68
      76
      60
      45
      50
      45
      46
      42
      35
      35
      45
      40
      43
      42
      52
      46
      54
      49
      60
      59
      46
      43
      47
      41
      34
      39
      33
      31
      33
      25
      40
      25
      27
      38
      23
      20
      35
      37
      32
      29
      29
      39
      35
      35
      39
      46
      47
      42
      60
      38
      44
      49
      37
      41
      35
      47
      36
      32
      49
      41
      42
      44
      52
      39
      36
      29
      46
      41
      34
      35
      31
      24
      19
      28
      26
      18
      26
      20
      30
      19
      27
      21
      10
      14
      15
      17
      11
      14
      13
      13
      16
      19
      12
      16
      14
       9
      15
      10
       9
      12
       8
      18
      13
       9
      13
      15
      17
      24
      20
      15
      14
      16
      19
      25
      21
      32
      35
      38
      33
      38
      30
      24
      50
      33
      23
      33
      55
      35
      23
      24
      24
      24
      26
      25
      19
      18
      13
      15
      14
      18
      15
      17
      13
       9
      12
      15
      10
       9
       5
       8
       4
       7
       9
       6
      10
       9
       6
       6
       9
       4
       3
       6
       7
       9
       1
       5
       4
       8
       6
       4
       2
       1
       2
       3
       4
       4
       3
       4
       3
       2
       5
       2
       3
       3
       1
       5
       7
       8
       0
       4
       1
       6
       4
       4
       5
       5
       7
       3
       7
       8
       5
       6
       7
       5
       4
       3
       4
       8
       7
       6
       7
      10
      10
       6
       8
       6
      12
      12
       8
      10
       9
       3
       7
       5
       5
       8
       8
       3
       3
       1
       6
       3
       3
       3
       3
       2
       2
       0
       3
       0
       2
       2
       1
       5
       2
       2
       1
       2
       4
       1
       0
       2
       1
       1
       3
       3
       0
       0
       3
       1
       4
       0
       4
       3
       5
       3
       2
       1
       1
       5
       4
       1
       2
       0
       4
       2
       0
       3
       1
       0
       0
       2
       2
       4
       0
       1
       2
       0
       2
       0
       3
       2
       2
       2
       2
       3
       2
       2
       2
       1
       2
       3
       3
       1
       1
       2
       3
       3
       2
       0
       2
       3
       2
       1
       1
       0
       0
       1
       0
       0
       0
       0
       0
       0
       1
       0
       1
       3
       0
       0
       0
       1
       0
       1
       1
       0
       1
       0
       0
       0
       0
       1
       0
       1
       0
       0
       0
       0
       0
       0
       0
       0
       0
       0
       0
       0
       0
       0
       0
       0
       0
       0
       0
       0
       0
       0
       1
       0
       0
       0
       0
       0
       0
       0
       0
       0
       0
       0
       0
       0
       0
       0
       0
       0
       1
       0
       0
       0
       0
       0
       0
       0
       0
       0
       0
       0
       0
       0
       1
       0
       0
       0
       0
       1
       0
       0
       0
       0
       0
       0
       0
       0
       0
       0
       0
       0
       0
       0
       0
       0
       0
       0
       1
       0
       0
       0
       0
       0
       1
       0
       1
       0
       0
       0
       0
       0
       0
       0
       0
       0
       0
       0
       0
       0
       0
       0
       0
       0
       1
       0
       0
       0
       0
       1
       0
       0
       0
       1
       0
       0
       1
       1
       0
       0
       0
       0
       0
       0
       0
       0
       0
       0
       0
       1
       0
       0
       0
       0
       0
       0
       0
       0
       0
       1
       0
       0
       0
       0
       0
       1
       0
       0
       0
       0
       2
       0
       0
       0
       0
       1
       1
       0
       0
       0
       0
       0
       0
       0
       0
       0
       0
       0
       0
       0
       0
       0
       0
       0
       0
       0
       0
       0
       0
       0
       0
       0
       0
       0
       1
       0
       0
       0
       0
       0
       0
       0
       0
       0
       0
       0
       0
       0
       0
       0
       0
       0
       0
       0
       0
       0
       0
       0
       0
       0
       0
       0
       0
       0
       0
       0
       0
       0
       0
       0
       0
       0
       0
       0
       0
       0
       0
       0
       0
       0
       0
       0
       0
       0
       0
       0
       0
       0
       0
       0
       0
       0
       0
       0
       0
       0
       0
       0
       0
       0
       0
       0
       0
       0
       0
       0
       0
       0
       0
       0
       0
       0
       0
       0
       0
       0
       0
       1
       0
       0
       0
       0
       0
       0
       0
       0
       0
       0
       0
       0
       0
       0
       0
       0
       0
       0
       0
       0
       0
       0
       0
       0
       0
       0
       0
       0
       0
       0
       0
       0
       0
       0
       0
       1
       0
       0
       0
       0
       0
       0
       0
       1
       0
       1
       0
       0
       0
       0
       1
       0
       0
       0
       0
       0
       0
       0
       0
       0
       0
       0
       0
       0
       0
       0
       0
       0
       0
       0
       1
       0
       0
       0
       0
       0
       0
       0
       0
       0
       0
       0
       0
       0
       0
       0
       0
       0
       0
       0
       0
       0
       0
       0
       1
       0
       0
       0
       0
       0
       0
       0
       0
       0
       0
       0
       0
       0
       0
       0
       0
       0
       0
       0
       0
       0
       0
       1
       0
       1
       0
       0
       0
       0
       0
       0
       0
       0
       0
       0
       0
       0
       0
       0
       0
       0
       0
       0
       0
       0
       1
       0
       0
       0
       0
       0
       0
       0
       0
       0
       0
       0
       0
       0
       0
       0
       0
       0
       0
       0
       0
       0
       0
       0
       0
       0
       0
       0
       0
       0
       0
       0
       0
       0
       0
       0
       0
       0
       0
       0
       0
       0
       0
       0
       0
       0
       0
       0
       0
       0
       0
       0
       0
       0
       0
       0
       0
       0
       0
       0
       0
       0
       0
       0
       0
       0
       0
       0
       0
       0
       0
       0
       0
       0
