       0
       0
      52
     897
     780
     760
     844
    1063
    1239
    1477
    1899
    2321
    2967
    2896
    3098
    3209
    2751
    2574
    2472
    2057
    2179
    2101
    2133
    2137
    2059
    1920
    1866
    1951
    2048
    2031
    1706
    1604
    1502
    1501
    1468
    1569
    1578
    1496
    1333
    1166
    1091
    1055
    1177
    1352
    1386
    1277
    1060
     858
     761
     707
     926
    1137
    1423
    1430
    1347
    1050
     783
     572
     416
     417
     387
     377
     380
     340
     327
     307
     274
     301
     232
     270
     239
     272
     256
     243
     225
     237
     219
     240
     222
     230
     208
     198
     196
     160
     192
     179
     192
     173
     179
     193
     225
     304
     339
     441
     507
     527
     623
     630
     545
     456
     371
     305
     240
     184
     154
     129
     109
     107
     121
      91
     125
     112
     113
     115
      98
     100
     114
     105
      92
     104
     117
     124
     116
     136
     139
     114
     113
     133
     128
     122
     131
      89
     126
      89
      91
      96
      74
      80
      68
      89
      99
      80
      79
      74
      76
      78
      65
      73
      70
      67
      80
      76
      67
      84
      65
      72
      84
      91
      66
      83
      51
      67
      76
      69
      57
      65
      63
      51
      66
      57
      40
      49
      55
      55
      55
      48
      51
      48
      45
      44
      53
      51
      59
      50
      63
      77
      69
      95
      90
      76
     118
      87
     107
     110
      97
     103
      76
      90
      83
      76
      83
      66
      58
      42
      40
      44
      60
      41
      41
      53
      45
      55
      41
      36
      36
      47
      46
      41
      54
      57
      39
      40
      28
      31
      46
      32
      45
      34
      34
      28
      27
      27
      30
      26
      29
      42
      30
      26
      37
      42
      43
      45
      32
      46
      44
      40
      48
      41
      31
      53
      44
      36
      44
      54
      40
      31
      46
      44
      35
      36
      34
      47
      29
      32
      38
      50
      40
      32
      19
      36
      16
      21
      23
      19
      21
      27
      21
      15
      23
      12
      15
      13
      17
      11
      12
      13
      12
      11
      16
      10
      19
      18
       9
      12
      12
      16
      20
      13
      12
       6
      13
      12
      17
      11
      12
       7
      14
      15
      17
      21
      13
      28
      28
      29
      29
      31
      31
      34
      41
      38
      33
      35
      31
      40
      43
      33
      29
      24
      28
      24
      24
      16
      27
      25
      19
      11
      20
       6
      14
       8
       6
       9
      14
      15
       7
      17
       6
       8
      10
       5
       8
       7
       4
       6
       8
       6
       9
       2
       3
       4
       1
       2
       6
       3
       8
       2
       3
       8
       1
       2
       4
       3
       2
       1
       4
       1
       8
       3
       6
       5
       6
       4
       4
       2
       5
       8
       1
       3
       9
       1
       7
       4
       7
       9
       4
       8
       8
       5
       6
       5
       7
       8
       9
       9
      11
       6
       9
       8
      15
       5
       4
      10
       9
       9
      10
      10
       5
       9
      10
       6
       6
       4
       3
       3
       2
       3
       2
       3
       3
       2
       1
       1
       2
       4
       3
       3
       1
       4
       0
       3
       1
       0
       0
       0
       1
       3
       1
       1
       1
       3
       0
       4
       0
       1
       1
       0
       2
       2
       4
       3
       3
       2
       2
       1
       2
       1
       1
       4
       1
       1
       1
       0
       0
       1
       1
       2
       1
       3
       2
       1
       0
       1
       2
       1
       3
       1
       2
       2
       1
       2
       1
       1
       1
       1
       2
       1
       1
       1
       5
       2
       4
       2
       3
       1
       0
       0
       1
       1
       0
       1
       1
       1
       1
       0
       0
       0
       1
       0
       0
       0
       0
       0
       0
       0
       0
       0
       0
       1
       0
       1
       1
       0
       0
       0
       0
       0
       0
       0
       0
       0
       1
       0
       1
       0
       0
       1
       0
       0
       0
       0
       1
       0
       0
       0
       0
       0
       0
       0
       0
       0
       0
       0
       0
       0
       0
       0
       0
       0
       0
       0
       1
       0
       0
       0
       0
       0
       0
       0
       0
       0
       0
       0
       0
       1
       0
       0
       0
       0
       0
       2
       0
       0
       1
       0
       0
       0
       0
       0
       0
       0
       0
       0
       0
       0
       0
       0
       0
       0
       0
       0
       0
       1
       0
       0
       0
       0
       0
       0
       0
       1
       0
       0
       1
       0
       0
       0
       0
       0
       0
       0
       0
       0
       0
       1
       0
       0
       0
       0
       1
       0
       0
       0
       0
       0
       0
       0
       0
       0
       0
       0
       0
       0
       0
       0
       0
       0
       1
       0
       0
       0
       0
       0
       0
       0
       0
       0
       0
       0
       0
       0
       0
       0
       0
       0
       0
       0
       0
       0
       0
       0
       0
       0
       0
       0
       0
       0
       0
       0
       0
       0
       0
       0
       0
       0
       0
       1
       0
       0
       0
       0
       0
       0
       0
       0
       0
       0
       0
       0
       1
       0
       0
       0
       0
       0
       0
       0
       0
       0
       0
       0
       0
       0
       0
       0
       0
       0
       0
       0
       0
       0
       0
       0
       0
       0
       0
       0
       0
       0
       0
       0
       0
       0
       0
       0
       0
       0
       0
       0
       0
       0
       0
       0
       0
       2
       0
       0
       1
       0
       0
       0
       0
       0
       0
       0
       1
       0
       0
       0
       0
       0
       0
       0
       0
       0
       0
       0
       0
       0
       0
       0
       0
       0
       0
       0
       0
       0
       0
       0
       0
       0
       1
       0
       0
       0
       0
       0
       0
       0
       0
       0
       0
       0
       0
       0
       0
       0
       0
       0
       0
       0
       0
       0
       0
       0
       0
       0
       0
       0
       0
       0
       0
       0
       0
       0
       0
       0
       0
       0
       0
       0
       0
       0
       0
       0
       0
       0
       0
       0
       0
       0
       0
       0
       0
       0
       0
       0
       1
       0
       0
       0
       0
       0
       0
       0
       0
       0
       0
       0
       0
       0
       0
       0
       0
       0
       0
       0
       0
       0
       0
       0
       0
       0
       0
       0
       0
       0
       0
       0
       0
       0
       1
       0
       0
       0
       0
       0
       0
       0
       0
       0
       0
       0
       1
       0
       0
       0
       0
       0
       0
       0
       0
       0
       0
       0
       0
       0
       1
       0
       0
       0
       0
       0
       0
       0
       0
       0
       0
       0
       0
       0
       0
       0
       0
       0
       0
       0
       0
       0
       0
       0
       0
       0
       0
       1
       0
       0
       0
       0
       0
       0
       0
       0
       0
       0
       0
       0
       0
       0
       0
       1
       0
       0
       0
       0
       0
       0
       0
       0
       0
       1
       0
       0
       0
       0
       0
       0
       0
       0
       0
       0
       0
       0
       0
       0
       0
       0
       0
       0
       0
       0
       0
       0
       0
       0
       0
       0
       0
       0
       0
       0
       0
       0
       0
       0
       0
       0
       0
       0
       0
       0
       0
       0
       0
       0
       1
       0
       0
       0
       0
       0
       0
       0
       0
       0
       0
       0
       0
       0
       0
       0
       0
       0
       0
       0
