       0
       0
      29
     454
     346
     388
     433
     525
     633
     777
     917
    1130
    1316
    1323
    1350
    1273
    1285
    1291
    1278
    1280
    1275
    1214
    1159
    1149
    1068
    1054
     947
     957
     889
     873
     815
     809
     807
     770
     803
     720
     745
     652
     597
     567
     566
     486
     455
     455
     442
     429
     387
     328
     340
     341
     349
     374
     266
     319
     302
     258
     235
     272
     252
     246
     216
     205
     209
     220
     197
     215
     211
     204
     172
     177
     183
     200
     185
     182
     160
     167
     187
     172
     174
     164
     169
     169
     155
     155
     143
     141
     131
     157
     143
     139
     152
     124
     158
     126
     142
     137
     144
     138
     120
     127
      98
     121
     109
     105
     107
     107
     108
     131
     104
     106
     107
     114
      93
     114
      93
      91
     100
     114
     104
     106
      95
      88
      84
      87
      73
     111
      85
     102
      77
     108
      75
      76
      67
      73
      83
      87
      68
      79
      86
      98
      90
      83
      81
     106
      98
      80
      86
      71
      88
      79
      84
      81
      72
      84
      89
      74
      83
      65
      65
      71
      62
      85
      62
      62
      43
      64
      56
      57
      58
      58
      57
      54
      42
      52
      53
      54
      65
      56
      56
      48
      50
      62
      37
      43
      35
      47
      59
      38
      38
      36
      39
      42
      44
      39
      61
      66
      66
      81
      78
     113
     119
     105
      86
     106
     103
      83
      91
      60
      75
      53
      52
      36
      27
      29
      19
      25
      23
      13
      21
      14
      16
      32
      16
      29
      34
      38
      42
      63
      72
      54
      76
      70
      89
      91
      82
      93
      90
      83
      62
      49
      41
      42
      32
      25
      22
      21
      20
      23
      19
      11
      15
       9
      12
      19
      15
      20
      15
      24
      14
      16
      17
      20
      19
      18
      13
      12
       7
      12
      13
       6
      10
       3
       3
       4
       5
       6
       4
       1
       2
       4
       5
       3
       4
       3
       4
       3
       5
       2
       1
       1
       7
       1
       1
       3
       3
       3
       3
       2
       5
       3
       4
       0
       3
       0
       5
       3
       4
       3
       5
       1
       3
       3
       5
       0
       1
       3
       0
       5
       6
       4
       4
       4
       2
       5
       4
       2
       4
       1
       4
       3
       6
       3
       4
       1
       4
       2
       2
       0
       1
       1
       1
       3
       3
       1
       3
       5
       0
       2
       0
       4
       1
       1
       3
       1
       1
       1
       3
       2
       0
       1
       3
       2
       2
       0
       4
       1
       1
       1
       5
       0
       1
       1
       3
       3
       1
       1
       0
       1
       0
       2
       4
       2
       0
       1
       2
       1
       2
       3
       1
       3
       2
       1
       1
       1
       5
       0
       6
       2
       4
       2
       0
       1
       3
       1
       3
       4
       0
       1
       1
       0
       2
       3
       0
       3
       1
       2
       1
       3
       1
       1
       2
       1
       1
       2
       2
       0
       0
       3
       2
       0
       4
       0
       1
       0
       2
       2
       0
       1
       0
       0
       2
       2
       0
       0
       2
       1
       0
       0
       2
       1
       0
       0
       0
       0
       1
       0
       2
       0
       1
       1
       0
       0
       0
       2
       2
       0
       1
       0
       1
       0
       1
       0
       1
       1
       0
       1
       1
       1
       0
       1
       0
       0
       0
       0
       2
       0
       0
       0
       3
       4
       2
       1
       1
       3
       6
       1
       5
       2
       2
       1
       1
       1
       2
       4
       2
       3
       1
       4
       0
       0
       1
       1
       0
       1
       0
       2
       1
       1
       0
       0
       1
       0
       0
       1
       1
       0
       0
       0
       0
       0
       0
       0
       0
       0
       0
       0
       0
       1
       0
       1
       0
       0
       0
       0
       0
       0
       0
       0
       0
       0
       0
       0
       0
       2
       0
       1
       0
       0
       0
       0
       0
       0
       0
       0
       0
       0
       0
       0
       1
       0
       0
       0
       0
       0
       0
       0
       0
       0
       0
       2
       0
       0
       0
       0
       0
       0
       0
       0
       0
       0
       0
       0
       0
       0
       0
       0
       0
       0
       0
       0
       0
       0
       0
       0
       0
       0
       0
       0
       0
       0
       0
       0
       0
       0
       0
       1
       1
       0
       0
       0
       0
       0
       0
       0
       0
       0
       0
       0
       0
       0
       0
       0
       0
       0
       1
       0
       0
       0
       1
       0
       0
       0
       0
       0
       0
       0
       0
       0
       0
       0
       0
       0
       0
       0
       0
       0
       0
       0
       0
       1
       0
       1
       0
       0
       0
       0
       0
       0
       1
       0
       0
       0
       0
       0
       0
       0
       0
       0
       0
       0
       0
       0
       0
       0
       0
       0
       0
       0
       0
       0
       0
       0
       0
       0
       0
       0
       0
       0
       0
       0
       0
       0
       0
       0
       0
       0
       0
       0
       0
       0
       0
       0
       0
       0
       0
       0
       0
       0
       0
       0
       0
       0
       0
       0
       0
       0
       0
       0
       0
       0
       0
       0
       0
       0
       0
       0
       0
       0
       0
       0
       1
       0
       0
       0
       0
       0
       0
       0
       0
       0
       0
       1
       0
       0
       0
       0
       0
       0
       0
       0
       0
       0
       0
       1
       0
       1
       0
       0
       0
       0
       0
       1
       0
       0
       0
       0
       0
       0
       1
       0
       0
       0
       0
       1
       0
       0
       0
       0
       0
       0
       0
       0
       0
       0
       0
       0
       0
       0
       1
       0
       0
       0
       0
       0
       0
       0
       0
       0
       0
       0
       1
       0
       0
       0
       1
       1
       0
       0
       2
       0
       0
       0
       0
       0
       0
       0
       0
       0
       0
       0
       0
       0
       0
       0
       0
       0
       0
       0
       0
       0
       1
       0
       0
       0
       0
       0
       0
       0
       0
       0
       0
       0
       0
       0
       0
       0
       0
       0
       0
       0
       0
       0
       1
       0
       0
       0
       0
       0
       0
       0
       0
       0
       0
       0
       0
       0
       0
       0
       0
       0
       0
       0
       0
       0
       0
       0
       0
       0
       0
       0
       0
       0
       0
       0
       0
       0
       0
       0
       0
       0
       0
       1
       0
       0
       0
       0
       0
       0
       0
       0
       0
       0
       1
       0
       0
       0
       0
       0
       0
       0
       0
       0
       0
       0
       0
       0
       0
       0
       0
       0
       0
       0
       0
       0
       0
       0
       0
       0
       0
       0
       0
       0
       0
       0
       0
       0
       0
       0
       0
       0
       0
       0
       0
       0
       0
       0
       0
       0
       0
       1
       0
       0
       0
       0
       0
       0
       0
       0
       0
       0
       0
       0
       0
       0
       0
       0
       0
       0
       0
       0
       0
       0
       0
       0
       1
       0
       0
       0
       0
       0
       0
       0
       0
       1
       0
       0
       0
       0
       0
       0
       0
       0
       0
       0
       0
       0
       0
       0
       0
       0
       0
       0
       0
       0
       0
       0
       0
       0
       0
       0
       0
       0
       0
       0
