       0
       0
      54
     875
     756
     799
     902
    1068
    1182
    1509
    1959
    2321
    3033
    2970
    2948
    3154
    2864
    2561
    2372
    2197
    2175
    2141
    2136
    2057
    1965
    1941
    1918
    1979
    2054
    2015
    1737
    1625
    1461
    1380
    1484
    1499
    1595
    1510
    1304
    1190
    1123
    1124
    1203
    1347
    1487
    1421
    1093
     884
     719
     736
     872
    1124
    1321
    1430
    1366
    1085
     814
     581
     422
     414
     370
     379
     375
     348
     318
     320
     283
     271
     251
     288
     248
     254
     275
     234
     230
     237
     244
     263
     216
     216
     200
     192
     191
     209
     212
     205
     187
     186
     202
     209
     250
     299
     353
     437
     489
     539
     625
     652
     545
     537
     348
     266
     219
     184
     155
     129
     111
     102
     113
     138
     115
      94
     117
     107
      86
     102
      97
     108
      99
      90
     106
     110
     131
     108
     114
     131
     129
     132
     127
     114
     126
      99
     110
      96
      85
      82
      81
      74
      90
      89
      86
      87
      76
      64
      91
      63
      73
      78
      75
      73
      82
      85
      82
      72
      75
      76
      77
      55
      86
      65
      78
      60
      70
      57
      56
      63
      54
      47
      54
      57
      39
      52
      49
      59
      63
      56
      52
      50
      46
      35
      42
      44
      57
      52
      65
      64
      59
      64
      93
      93
      95
     101
     108
     105
      97
      88
      75
     102
      67
      68
      63
      54
      47
      50
      42
      45
      43
      42
      34
      49
      41
      46
      54
      54
      44
      50
      61
      64
      55
      49
      33
      47
      43
      47
      39
      30
      38
      34
      28
      28
      27
      28
      33
      25
      29
      39
      37
      32
      35
      29
      37
      40
      42
      54
      47
      45
      48
      50
      45
      44
      37
      30
      36
      45
      40
      44
      51
      48
      38
      50
      40
      36
      43
      32
      39
      36
      43
      22
      28
      21
      32
      25
      27
      24
      33
      24
      16
      16
      21
      19
      11
      11
      22
      22
      15
      17
      16
      18
      11
      12
      14
      15
      10
       8
      16
      14
      10
       9
      11
      18
      14
      11
      10
      15
      11
      14
      18
      23
      18
      22
      20
      26
      24
      26
      32
      31
      29
      31
      39
      43
      41
      33
      33
      38
      38
      38
      26
      34
      32
      25
      23
      25
      31
      12
      18
      19
      20
      16
      16
       8
      10
       7
       9
       8
      11
       5
       5
       3
       7
      11
       6
      11
       9
      10
       4
       2
       2
       3
       7
       1
       3
       4
       7
       4
       5
       5
       2
       3
       1
       5
       4
       2
       4
       2
       3
       4
       3
       4
       1
       4
       3
       2
       3
       3
       2
       2
       5
       7
       0
       4
       6
       3
       6
       3
       1
       3
       9
       2
       6
       4
       5
       6
       6
      10
       9
       7
       8
      11
       6
      10
       7
       9
      12
       8
       8
       7
       9
       5
       6
       5
       6
       2
       3
       1
       5
       7
       4
       2
       2
       1
       3
       4
       4
       3
       2
       1
       1
       2
       3
       0
       2
       0
       0
       4
       2
       1
       1
       2
       1
       0
       2
       0
       2
       4
       2
       2
       1
       1
       2
       0
       2
       1
       3
       2
       4
       2
       1
       1
       1
       3
       3
       1
       1
       3
       0
       2
       1
       0
       0
       0
       1
       0
       1
       1
       2
       4
       0
       2
       1
       2
       2
       2
       1
       4
       1
       3
       5
       0
       2
       4
       2
       1
       2
       1
       2
       2
       0
       5
       1
       1
       2
       1
       0
       0
       1
       0
       0
       0
       1
       2
       1
       0
       0
       0
       1
       0
       1
       0
       1
       0
       0
       0
       0
       0
       0
       0
       0
       1
       1
       0
       0
       0
       0
       0
       0
       1
       0
       0
       0
       0
       0
       0
       0
       0
       0
       0
       0
       0
       0
       0
       0
       0
       1
       0
       0
       1
       0
       1
       0
       0
       0
       0
       0
       0
       0
       0
       0
       0
       0
       0
       0
       0
       0
       0
       1
       0
       1
       0
       0
       0
       1
       0
       0
       0
       0
       0
       0
       0
       1
       0
       0
       0
       0
       0
       0
       0
       0
       1
       0
       0
       0
       0
       0
       0
       0
       0
       0
       0
       0
       0
       0
       0
       0
       0
       0
       0
       0
       0
       0
       0
       0
       0
       0
       1
       0
       0
       0
       0
       1
       0
       0
       0
       0
       0
       0
       0
       0
       0
       1
       0
       0
       1
       0
       0
       0
       0
       0
       1
       0
       0
       0
       0
       0
       0
       0
       0
       0
       0
       0
       0
       0
       0
       0
       0
       1
       0
       0
       0
       0
       0
       0
       0
       0
       0
       0
       0
       0
       0
       0
       0
       0
       0
       0
       0
       0
       0
       0
       0
       0
       1
       0
       0
       0
       0
       0
       0
       0
       0
       0
       0
       0
       0
       0
       0
       0
       0
       0
       0
       0
       0
       0
       0
       0
       1
       0
       0
       0
       0
       0
       0
       0
       0
       0
       0
       0
       0
       0
       0
       0
       0
       0
       0
       0
       0
       0
       0
       0
       0
       0
       1
       0
       0
       0
       0
       1
       1
       0
       0
       0
       0
       0
       0
       0
       0
       0
       0
       0
       0
       0
       0
       0
       0
       0
       0
       0
       0
       0
       0
       0
       0
       0
       0
       0
       0
       0
       0
       0
       0
       0
       0
       0
       1
       0
       0
       0
       0
       0
       0
       0
       0
       0
       0
       0
       1
       0
       0
       0
       0
       0
       0
       0
       0
       0
       0
       1
       0
       0
       0
       0
       0
       0
       0
       0
       0
       0
       0
       0
       1
       0
       0
       0
       0
       0
       0
       0
       0
       0
       0
       0
       0
       0
       0
       0
       0
       0
       0
       0
       0
       0
       0
       0
       0
       0
       0
       0
       0
       0
       0
       0
       0
       0
       0
       0
       0
       0
       0
       0
       0
       0
       0
       0
       0
       0
       0
       0
       0
       0
       0
       0
       0
       0
       0
       0
       0
       0
       0
       0
       0
       0
       1
       0
       0
       1
       0
       0
       0
       0
       0
       0
       0
       0
       0
       0
       0
       0
       0
       0
       0
       0
       0
       0
       0
       0
       0
       0
       0
       1
       0
       0
       0
       0
       0
       0
       0
       0
       0
       0
       0
       0
       0
       0
       0
       0
       0
       1
       0
       0
       0
       0
       0
       0
       0
       0
       0
       0
       0
       0
       0
       0
       0
       0
       0
       0
       0
       0
       0
       0
       0
       0
       0
       0
       0
       0
       0
       1
       0
       0
       0
       0
       0
       0
       0
       0
       0
       0
       0
       1
       0
       1
       0
       0
       0
       0
       0
       0
       0
       0
       0
       0
       0
       0
       0
       0
       0
       0
       0
       0
       0
       0
       0
       0
       0
       0
       0
       0
       0
       0
       0
       0
       0
       0
       0
       0
       0
       0
       0
       0
       0
       0
       0
       0
       0
       0
       0
