       0
       0
      42
     676
     557
     582
     678
     711
     785
     934
    1065
    1216
    1541
    1477
    1600
    1616
    1620
    1656
    1586
    1575
    1562
    1481
    1416
    1359
    1306
    1220
    1254
    1150
    1129
    1102
    1106
    1140
    1195
    1186
    1225
    1200
    1070
     999
     915
     846
     817
     742
     742
     663
     649
     649
     556
     581
     549
     544
     485
     490
     533
     444
     459
     457
     413
     384
     351
     400
     385
     367
     353
     318
     352
     379
     338
     308
     327
     341
     336
     296
     306
     284
     305
     315
     260
     319
     278
     285
     295
     279
     287
     245
     265
     264
     275
     252
     249
     251
     291
     238
     270
     270
     246
     270
     245
     273
     249
     224
     228
     231
     240
     210
     211
     199
     228
     210
     216
     221
     221
     213
     213
     204
     232
     213
     189
     200
     208
     201
     222
     199
     197
     238
     210
     218
     222
     206
     221
     214
     242
     216
     206
     249
     206
     230
     209
     224
     228
     228
     202
     218
     194
     240
     215
     245
     246
     217
     209
     239
     228
     251
     214
     224
     245
     221
     193
     195
     171
     186
     180
     174
     161
     173
     152
     143
     159
     156
     169
     143
     128
     150
     147
     135
     127
     129
     132
     123
     147
     124
     134
     135
     113
     115
     117
      84
     109
      82
     114
      87
      87
     140
     135
     184
     204
     225
     309
     319
     378
     448
     437
     482
     481
     480
     442
     434
     336
     334
     266
     205
     154
     131
     115
      92
      60
      47
      28
      33
      38
      34
      39
      56
      54
      91
     108
     120
     153
     207
     229
     281
     285
     331
     336
     370
     374
     382
     366
     325
     296
     252
     212
     145
     140
     119
      78
      64
      51
      35
      28
      19
      21
      21
      15
      24
      20
      19
      29
      11
      22
      16
      19
      12
      22
      18
      12
      15
      11
      13
       7
       6
       6
      10
      11
       7
       6
       7
       4
       8
       2
       4
       3
       1
       4
       2
       5
       4
       5
       4
       6
       6
       7
       5
       3
       1
       2
       2
       3
       8
       5
       5
       1
       4
       6
       1
       4
       3
       6
       3
       2
       3
       3
       0
       6
       6
       6
       4
       1
      10
       3
       2
       1
       3
       4
       5
       4
       9
       0
       3
       2
       3
       3
       2
       4
       2
       3
       3
       2
       0
       2
       2
       0
       3
       3
       0
       3
       1
       0
       2
       1
       4
       2
       5
       3
       1
       1
       0
       1
       0
       2
       2
       2
       3
       0
       4
       0
       1
       1
       1
       2
       1
       2
       0
       2
       0
       3
       1
       1
       2
       2
       2
       2
       2
       0
       5
       2
       4
       1
       2
       5
       0
       2
       5
       1
       6
       6
       1
       3
       0
       2
       4
       4
       2
       2
       0
       1
       0
       2
       5
       2
       2
       3
       1
       1
       1
       0
       2
       2
       2
       5
       0
       3
       2
       5
       3
       1
       1
       2
       4
       2
       1
       4
       1
       0
       3
       0
       1
       0
       0
       0
       0
       2
       3
       1
       1
       0
       2
       0
       1
       0
       0
       0
       0
       0
       0
       0
       2
       2
       3
       1
       1
       0
       1
       0
       1
       1
       0
       3
       2
       0
       0
       0
       0
       0
       0
       1
       0
       1
       0
       2
       3
       1
       1
       0
       1
       3
       3
       1
       1
       2
       2
       2
       2
       3
       0
       3
       1
       3
       2
       5
       1
       3
       1
       1
       1
       2
       5
       1
       2
       0
       0
       1
       0
       0
       3
       1
       0
       1
       0
       2
       0
       1
       0
       0
       0
       1
       0
       0
       0
       0
       0
       0
       1
       0
       0
       0
       1
       0
       0
       0
       0
       0
       0
       1
       0
       0
       0
       1
       0
       0
       0
       0
       0
       0
       0
       0
       0
       0
       0
       0
       1
       1
       0
       0
       0
       0
       0
       0
       0
       0
       0
       0
       0
       1
       0
       0
       0
       0
       0
       0
       0
       1
       0
       0
       0
       0
       0
       1
       0
       0
       0
       0
       0
       0
       0
       0
       0
       0
       0
       0
       0
       0
       0
       0
       0
       1
       0
       0
       0
       0
       0
       0
       0
       0
       1
       0
       0
       0
       0
       0
       0
       0
       0
       1
       0
       0
       0
       0
       0
       0
       0
       0
       0
       0
       1
       0
       0
       0
       0
       0
       1
       0
       0
       0
       0
       0
       0
       0
       0
       0
       0
       0
       0
       0
       0
       0
       0
       0
       0
       0
       0
       0
       0
       0
       0
       0
       0
       0
       0
       0
       0
       0
       0
       0
       0
       0
       0
       0
       0
       0
       0
       1
       0
       0
       1
       0
       0
       0
       0
       0
       0
       0
       0
       0
       0
       0
       0
       0
       0
       0
       0
       0
       0
       0
       0
       1
       0
       0
       0
       0
       0
       0
       0
       0
       0
       0
       0
       0
       0
       0
       0
       0
       0
       0
       0
       0
       0
       0
       0
       0
       0
       0
       0
       0
       0
       0
       0
       0
       0
       0
       0
       0
       0
       1
       0
       0
       0
       0
       0
       0
       0
       0
       0
       1
       0
       0
       0
       0
       1
       0
       0
       0
       0
       0
       0
       0
       1
       0
       0
       0
       0
       0
       0
       0
       0
       0
       0
       0
       0
       0
       0
       0
       1
       0
       0
       0
       0
       0
       0
       0
       0
       0
       0
       0
       0
       1
       0
       0
       0
       0
       0
       0
       0
       0
       0
       0
       0
       1
       0
       0
       0
       0
       0
       0
       0
       0
       0
       0
       0
       0
       0
       0
       0
       0
       0
       0
       0
       0
       0
       0
       0
       0
       0
       0
       0
       0
       0
       0
       0
       0
       0
       1
       0
       0
       0
       0
       0
       0
       0
       0
       0
       0
       0
       0
       0
       0
       0
       0
       0
       0
       0
       0
       0
       0
       1
       0
       0
       0
       0
       0
       0
       0
       0
       0
       0
       0
       0
       0
       0
       0
       0
       0
       0
       0
       0
       1
       0
       0
       0
       0
       0
       0
       0
       0
       0
       0
       0
       0
       0
       0
       0
       0
       0
       0
       0
       0
       0
       0
       0
       0
       0
       1
       0
       0
       0
       0
       0
       0
       0
       0
       0
       0
       0
       0
       0
       0
       0
       0
       0
       0
       0
       0
       0
       0
       0
       0
       0
       0
       0
       0
       0
       0
       0
       0
       0
       0
       0
       1
       0
       0
       0
       0
       0
       0
       0
       0
       0
       1
       1
       0
       0
       0
       0
       0
       0
       0
       0
       0
       0
       0
       0
       0
       0
       0
       0
       0
       0
       0
       0
       0
       0
       0
       0
       0
       0
       0
       0
       0
       0
       0
       0
       0
       0
       0
       0
       0
       0
       0
       0
       0
       0
       0
       0
       0
       0
       0
       0
       0
       0
       0
       0
       0
       0
       0
       0
       0
       0
       0
       0
       0
       0
       0
       0
       0
       0
