
       0
       0
      69
     810
     885
    1904
     886
     722
     876
    1065
    1242
    1445
    1658
    1642
    1705
    1781
    1743
    1780
    1781
    1723
    1655
    1636
    1539
    1521
    1465
    1546
    1425
    1465
    1532
    1613
    1458
    1410
    1328
    1194
    1133
    1109
    1069
     951
     915
     893
     873
     814
     757
     741
     768
     728
     677
     646
     610
     539
     614
     572
     553
     546
     515
     536
     506
     471
     481
     475
     435
     449
     466
     473
     456
     438
     466
     447
     371
     358
     323
     399
     332
     308
     262
     234
     212
     191
     200
     198
     179
     175
     165
     161
     137
     149
     124
     138
     131
     146
     107
     148
     116
     132
     116
     148
     152
     160
     238
     365
     526
     740
    1057
    1356
    1572
    1730
    1780
    1624
    1398
    1075
     811
     532
     326
     210
     112
      60
      47
      41
      37
      28
      35
      28
      32
      38
      24
      32
      27
      24
      22
      23
      25
      19
      31
      27
      28
      37
      15
      26
      27
      27
      23
      24
      24
      26
      25
      26
      25
      20
      31
      30
      23
      27
      27
      25
      28
      21
      33
      28
      19
      18
      20
      19
      19
      16
      18
      27
      25
      22
      16
      13
       8
      18
      12
      10
      18
      14
       9
      11
      19
      20
       5
      13
      22
       5
      16
       6
      16
      16
      15
      14
      14
      22
      13
      21
      20
      22
       9
      14
      16
      12
      12
      10
       8
       9
      11
      14
      15
       9
      10
      15
      15
      10
      11
      13
       3
       6
      10
      11
       6
      15
      11
       7
      11
      14
       7
       8
       3
       4
      11
       3
       4
       6
       8
       5
      12
       6
       4
       4
       7
       7
       5
       6
       5
      10
       8
       9
       9
      11
       7
      11
      14
      16
      15
      14
      26
      15
      14
      22
      19
      15
      17
      18
      24
      14
      17
      13
       7
       7
      11
      12
       7
       5
       2
       4
       2
       4
       1
       4
       4
       3
       4
       4
       2
       2
       6
       4
       1
       3
       3
       6
       2
       3
       1
       6
       7
       2
       1
       2
       4
       2
       3
       1
       0
       3
       3
       1
       3
       2
       3
       1
       4
       5
       4
       5
       4
       4
       6
       4
       3
       5
       2
       4
       7
       4
       3
       4
       2
       5
       0
       2
       3
       2
       6
       2
       5
       4
       2
       2
       1
       2
       2
       2
       1
       1
       1
       3
       4
       5
       2
       4
       1
       0
       3
       0
       1
       0
       2
       1
       1
       1
       0
       1
       1
       2
       3
       0
       1
       1
       0
       2
       2
       0
       1
       1
       0
       1
       1
       1
       1
       0
       1
       2
       4
       4
       5
       2
       1
       2
       1
       0
       0
       4
       0
       1
       0
       3
       3
       2
       2
       1
       4
       2
       1
       2
       2
       1
       3
       1
       1
       3
       2
       2
       5
       4
       1
       2
       2
       0
       2
       2
       0
       0
       1
       1
       2
       2
       1
       1
       1
       0
       3
       0
       0
       0
       0
       2
       3
       0
       0
       3
       1
       2
       0
       1
       1
       1
       1
       1
       0
       2
       0
       1
       0
       1
       2
       1
       3
       0
       0
       2
       2
       2
       1
       1
       0
       0
       1
       3
       0
       1
       0
       1
       1
       1
       0
       1
       0
       0
       1
       1
       1
       0
       1
       0
       4
       1
       1
       3
       3
       0
       1
       4
       2
       4
       1
       2
       4
       3
       2
       4
       1
       1
       6
       3
       4
       0
       1
       3
       0
       1
       2
       1
       1
       0
       0
       0
       0
       0
       0
       0
       0
       0
       0
       0
       0
       0
       0
       1
       0
       0
       0
       0
       0
       0
       0
       0
       0
       0
       0
       0
       0
       0
       0
       0
       0
       0
       0
       0
       0
       0
       0
       0
       0
       0
       0
       0
       0
       0
       0
       0
       0
       0
       0
       0
       0
       0
       0
       0
       0
       0
       1
       0
       0
       0
       0
       1
       0
       0
       0
       0
       0
       0
       0
       0
       0
       0
       0
       0
       1
       0
       0
       0
       0
       0
       0
       0
       1
       0
       0
       0
       0
       0
       0
       0
       0
       0
       0
       0
       0
       0
       0
       0
       0
       0
       0
       0
       0
       0
       1
       0
       0
       0
       0
       0
       0
       0
       1
       1
       0
       0
       0
       0
       0
       0
       0
       0
       0
       0
       0
       0
       0
       0
       0
       0
       0
       0
       0
       0
       0
       0
       0
       0
       0
       0
       0
       0
       0
       0
       0
       0
       0
       0
       0
       0
       0
       0
       0
       0
       0
       0
       0
       0
       0
       0
       0
       0
       0
       0
       0
       0
       0
       0
       0
       0
       0
       0
       0
       0
       0
       0
       0
       0
       0
       0
       0
       0
       0
       0
       0
       0
       0
       0
       0
       0
       1
       0
       0
       0
       0
       0
       0
       1
       0
       0
       0
       0
       0
       1
       0
       0
       0
       0
       0
       0
       0
       1
       0
       0
       0
       0
       0
       0
       0
       0
       0
       0
       0
       1
       0
       0
       0
       0
       0
       0
       0
       0
       0
       0
       0
       0
       0
       0
       0
       0
       0
       0
       0
       0
       0
       0
       0
       0
       0
       0
       0
       0
       0
       0
       0
       0
       0
       0
       0
       1
       0
       0
       0
       0
       0
       0
       0
       0
       0
       0
       0
       0
       0
       0
       0
       0
       1
       0
       0
       0
       0
       0
       0
       0
       0
       0
       0
       0
       0
       0
       0
       0
       0
       0
       0
       0
       0
       0
       0
       0
       0
       0
       0
       0
       0
       0
       0
       0
       0
       0
       0
       0
       0
       0
       0
       0
       0
       0
       0
       0
       0
       0
       0
       0
       0
       0
       0
       0
       0
       0
       1
       0
       0
       0
       0
       0
       1
       0
       0
       0
       0
       0
       0
       0
       0
       0
       0
       0
       0
       0
       0
       0
       1
       0
       0
       0
       0
       0
       0
       0
       0
       1
       0
       0
       0
       0
       0
       0
       0
       0
       0
       0
       0
       0
       0
       0
       0
       0
       0
       0
       0
       0
       0
       0
       0
       0
       0
       0
       0
       0
       0
       0
       0
       0
       0
       0
       0
       0
       0
       0
       0
       0
       0
       0
       0
       0
       1
       0
       1
       0
       0
       0
       0
       0
       0
       0
       0
       0
       0
       0
       0
       0
       0
       0
       0
       0
       0
       1
       0
       0
       0
       0
       1
       0
       0
       0
       0
       0
       0
       0
       0
       0
       0
       0
       0
       0
       0
       1
       0
       0
       0
       0
       0
       0
       0
       0
       1
       0
       0
       0
       0
       0
       0
       0
       0
       0
       0
       0
       0
       0
       1
       2
       0
       0
       0
       0
       0
       0
       0
       0
       0
       0
       0
       1
       0
       0
       0
       0
       0
       0
       0
       0
       0
       0
       0
       0
       0
       0
       0
       0
       0
       0
       0
       0
       0
       0
       0
       0
       0
       0
