       0
       0
     106
     954
     778
     922
    1017
    1202
    1503
    2108
    2585
    3161
    3631
    3820
    3849
    3896
    3911
    3775
    3825
    3757
    3626
    3490
    3209
    3031
    2866
    2638
    2567
    2377
    2313
    2193
    2000
    1976
    1903
    1787
    1763
    1737
    1627
    1437
    1284
    1242
    1077
    1065
    1023
     952
     920
     806
     797
     708
     724
     669
     690
     639
     664
     658
     509
     515
     480
     424
     438
     384
     374
     348
     355
     330
     306
     298
     324
     280
     275
     246
     251
     275
     270
     290
     260
     260
     224
     204
     242
     249
     263
     226
     188
     183
     182
     200
     189
     176
     189
     190
     217
     228
     201
     223
     233
     216
     229
     189
     199
     166
     161
     135
     128
     116
     130
     141
     123
     121
     128
     100
     130
     109
     103
      90
      92
      92
      99
      88
     120
     102
     109
      91
      96
      79
      89
      80
      92
      84
      74
      71
     100
      65
      66
      95
      70
      94
      73
      70
      84
      72
      66
      76
      63
      63
      76
      56
      63
      72
      65
      71
      77
      70
      94
      68
      84
      69
      77
      72
      65
      77
      77
      69
      81
      62
      70
      72
      49
      57
      67
      44
      58
      56
      45
      39
      45
      52
      33
      45
      41
      45
      48
      55
      61
      59
      56
      39
      48
      42
      41
      57
      42
      55
      45
      56
      56
      53
      52
      46
      34
      46
      45
      37
      41
      38
      42
      45
      27
      34
      35
      29
      27
      38
      38
      35
      39
      31
      33
      24
      32
      37
      28
      15
      20
      33
      19
      29
      26
      13
      24
      22
      23
      18
      18
      15
      12
      13
      25
      19
      14
      22
      19
      27
      17
      19
      28
      27
      46
      45
      31
      43
      48
      47
      50
      49
      58
      71
      74
      77
      67
      73
      80
      69
      66
      56
      59
      37
      37
      34
      24
      23
      16
      21
      13
      16
      17
      21
       9
      19
       8
      16
       9
      11
       9
      10
      14
      24
      18
      26
      17
       7
      12
      11
      18
      15
       8
      14
      13
      12
      15
      15
       9
      10
       7
       7
      10
       9
      11
      12
       6
      13
      12
       9
      19
      15
      13
      14
      15
      10
      14
      14
      12
      16
       9
      13
      13
      18
       5
       9
      11
      11
       5
      14
       7
       7
       6
       8
       8
       7
       2
       5
       6
       9
      10
       5
      11
      11
       9
       9
       2
       3
       6
       3
       4
       3
       7
       4
       4
       9
       5
       5
       5
       6
       6
       4
       5
       4
       5
       7
       3
       5
       5
       5
       5
       1
       6
       5
       2
       4
       8
       6
       7
       6
       2
       5
       5
       8
       4
       5
       4
       6
       9
      10
       7
       5
       8
      11
       6
       4
      11
       7
       6
      12
       8
       5
       2
      10
       6
      15
       4
      10
       3
       6
       5
       6
       9
       7
      10
      12
       4
       6
       9
       4
       7
       6
       2
       5
       6
       1
      10
       2
       2
       8
       1
       7
       4
       4
       1
       6
       1
       5
       6
       6
       1
       3
       3
       5
       4
       2
       7
       1
       3
       2
       4
       5
       5
       3
       2
       1
       2
       2
       2
       0
       1
       1
       3
       3
       1
       0
       0
       3
       2
       0
       2
       3
       0
       2
       3
       2
       2
       1
       3
       1
       7
       3
       8
       7
       3
       4
       3
       7
       6
      14
      10
       7
       7
       6
      15
       7
      15
       5
      11
       3
       4
       3
       5
       5
       3
       4
       2
       2
       4
       6
       0
       2
       1
       0
       3
       0
       1
       2
       1
       0
       0
       0
       1
       0
       0
       0
       1
       0
       0
       1
       1
       1
       0
       1
       0
       0
       0
       0
       1
       0
       0
       1
       0
       1
       1
       1
       0
       1
       0
       0
       0
       0
       1
       0
       0
       0
       0
       0
       0
       0
       1
       0
       0
       0
       0
       0
       0
       0
       2
       0
       0
       0
       0
       0
       0
       0
       0
       0
       0
       0
       0
       0
       0
       0
       0
       1
       0
       0
       0
       0
       2
       0
       1
       0
       0
       1
       0
       0
       0
       0
       0
       0
       0
       0
       0
       1
       0
       1
       0
       1
       0
       0
       0
       0
       0
       0
       0
       0
       0
       1
       0
       1
       1
       0
       0
       0
       0
       0
       1
       0
       0
       1
       0
       0
       1
       0
       0
       0
       0
       0
       0
       0
       0
       0
       1
       0
       0
       0
       1
       1
       0
       0
       0
       0
       0
       0
       0
       0
       0
       0
       0
       0
       0
       0
       0
       0
       0
       0
       0
       2
       0
       0
       1
       0
       1
       0
       0
       0
       0
       0
       0
       0
       0
       1
       0
       0
       0
       0
       0
       0
       0
       0
       0
       0
       1
       0
       0
       0
       0
       0
       0
       0
       0
       0
       0
       0
       0
       0
       0
       0
       1
       0
       0
       0
       0
       2
       0
       0
       0
       0
       0
       0
       0
       0
       0
       0
       0
       0
       0
       1
       0
       0
       0
       0
       0
       1
       0
       1
       0
       1
       0
       0
       0
       0
       0
       0
       0
       0
       1
       0
       0
       0
       0
       0
       0
       0
       0
       0
       0
       0
       0
       0
       0
       0
       0
       0
       0
       0
       0
       0
       0
       0
       0
       0
       0
       0
       0
       1
       0
       0
       0
       0
       0
       0
       0
       0
       0
       0
       0
       0
       0
       1
       0
       0
       0
       1
       0
       0
       0
       0
       0
       1
       0
       2
       0
       0
       0
       0
       0
       1
       0
       0
       0
       0
       0
       0
       0
       0
       0
       0
       1
       0
       0
       0
       0
       0
       1
       0
       0
       0
       0
       1
       0
       0
       0
       1
       0
       1
       0
       0
       0
       1
       0
       1
       1
       0
       0
       0
       0
       1
       0
       0
       1
       0
       0
       0
       0
       0
       0
       1
       1
       0
       1
       0
       0
       0
       0
       0
       0
       0
       0
       0
       0
       0
       0
       0
       0
       0
       0
       0
       0
       0
       1
       0
       0
       0
       0
       1
       0
       0
       0
       0
       0
       0
       0
       0
       0
       0
       0
       0
       0
       0
       0
       2
       0
       0
       0
       0
       0
       0
       0
       0
       0
       0
       0
       0
       0
       0
       0
       0
       0
       0
       1
       0
       0
       0
       0
       0
       0
       0
       0
       0
       0
       0
       1
       1
       0
       0
       0
       0
       0
       0
       1
       0
       0
       1
       0
       0
       0
       0
       0
       0
       0
       0
       0
       0
       1
       0
       1
       0
       0
       0
       0
       2
       0
       0
       0
       0
       0
       0
       0
       0
       0
       0
       1
       0
       0
       0
       0
       0
       0
       0
       0
       0
       1
       0
       0
       0
       0
       0
       1
       1
       0
       0
       0
       1
       0
       0
       0
       1
       0
       0
       0
       0
       0
       0
       0
       0
       0
       0
       0
       0
       0
       0
       0
       0
       0
       0
       0
       0
       0
       0
