       0
       0
      12
     306
     254
     269
     273
     396
     462
     588
     756
     969
    1117
    1108
    1209
    1206
    1195
    1191
    1129
    1052
    1072
    1011
     967
     985
     876
     823
     764
     706
     666
     639
     630
     550
     548
     522
     500
     517
     506
     463
     367
     401
     341
     291
     271
     280
     260
     236
     220
     221
     199
     189
     202
     209
     203
     214
     166
     166
     133
     122
     111
     108
     109
     101
     118
     105
      98
      96
      93
      81
      90
      60
      93
      84
      65
      99
      58
      89
      65
      68
      56
      84
      58
      68
      55
      54
      65
      65
      59
      44
      57
      50
      59
      61
      62
      76
      64
      48
      58
      76
      55
      48
      35
      44
      39
      42
      31
      44
      32
      39
      38
      39
      26
      29
      37
      26
      27
      26
      37
      34
      36
      37
      27
      23
      27
      25
      24
      26
      31
      17
      28
      29
      31
      32
      33
      28
      22
      20
      27
      29
      27
      26
      14
      24
      16
      19
      33
      23
      17
      24
      15
      19
      23
      19
      22
      25
      15
      20
      19
      23
      20
      23
      30
      26
      17
      23
      22
      19
      22
      20
      16
       8
      15
      15
      20
      11
       5
      11
      21
      19
      15
      16
      18
      16
      17
      11
      12
      15
      17
      21
      18
      14
      16
      20
      15
      20
      18
      18
      14
      18
      11
      15
      18
      17
      19
       7
       7
      10
       7
      16
      10
      11
       8
      17
      14
       8
      10
       7
      13
      10
      10
      10
       9
      14
      11
       3
       6
      13
       5
       4
       5
       7
       8
       8
      10
       6
      10
       9
       3
       3
       7
      13
       2
       5
       9
      10
      10
      10
       8
       9
      11
       7
      20
      11
      12
      11
      20
      22
      16
      19
      23
      22
      23
      23
      19
      15
      18
      22
      11
       9
      13
      11
      10
       4
       9
       9
       3
       5
       4
       6
       4
       3
       4
       6
       4
       3
       6
       2
       5
       7
       3
       5
       5
       8
       6
       3
       3
       2
       5
       2
       3
       4
       1
      10
       3
       1
       2
       1
       0
       2
       3
       2
       5
       4
       1
       1
       4
       6
       4
       3
       3
       5
       5
       4
       4
       4
       2
       2
       2
       2
       4
       3
       1
       2
       8
       4
       3
       5
       4
       1
       4
       2
       1
       3
       3
       0
       1
       1
       3
       2
       4
       2
       2
       1
       2
       1
       4
       1
       3
       2
       2
       1
       2
       0
       0
       0
       1
       1
       4
       1
       3
       0
       1
       1
       0
       1
       0
       3
       1
       3
       0
       0
       3
       0
       0
       3
       2
       0
       3
       1
       2
       3
       6
       1
       2
       2
       1
       3
       0
       3
       1
       2
       3
       0
       1
       2
       0
       3
       2
       1
       3
       4
       2
       4
       3
       0
       2
       4
       2
       1
       1
       0
       1
       2
       1
       2
       0
       3
       3
       0
       1
       1
       1
       3
       0
       2
       2
       0
       2
       1
       2
       0
       0
       1
       2
       2
       1
       1
       2
       1
       0
       1
       0
       2
       0
       1
       1
       2
       0
       0
       0
       1
       0
       2
       1
       0
       1
       1
       0
       1
       1
       2
       0
       1
       0
       1
       0
       0
       1
       1
       0
       1
       1
       0
       0
       1
       0
       1
       0
       0
       2
       2
       1
       0
       4
       5
       2
       2
       1
       2
       3
       1
       0
       3
       3
       3
       3
       3
       1
       2
       1
       0
       0
       1
       0
       1
       1
       0
       0
       0
       0
       0
       1
       0
       1
       1
       0
       1
       1
       0
       0
       0
       0
       0
       0
       0
       0
       0
       0
       0
       0
       0
       0
       0
       0
       0
       0
       0
       1
       0
       0
       0
       0
       0
       0
       0
       0
       0
       0
       0
       0
       0
       0
       0
       0
       0
       0
       0
       0
       1
       0
       0
       1
       0
       0
       0
       0
       0
       0
       0
       0
       0
       1
       0
       0
       1
       0
       1
       0
       0
       0
       0
       0
       1
       0
       0
       0
       0
       0
       0
       0
       0
       0
       0
       1
       0
       0
       0
       1
       0
       0
       1
       0
       0
       0
       0
       0
       0
       0
       0
       0
       0
       0
       0
       0
       0
       0
       0
       0
       0
       0
       0
       0
       0
       0
       0
       1
       0
       0
       0
       0
       0
       0
       0
       0
       0
       0
       1
       0
       0
       0
       0
       0
       0
       0
       0
       0
       0
       0
       0
       0
       0
       0
       0
       0
       0
       0
       0
       0
       0
       0
       0
       0
       0
       0
       1
       1
       0
       0
       0
       0
       0
       1
       0
       0
       0
       0
       0
       1
       0
       0
       0
       0
       0
       0
       0
       0
       0
       0
       0
       0
       0
       0
       0
       0
       0
       0
       0
       0
       0
       0
       0
       0
       0
       0
       0
       0
       0
       0
       0
       0
       0
       0
       0
       0
       0
       0
       0
       0
       0
       0
       0
       0
       0
       1
       0
       0
       0
       0
       0
       0
       0
       1
       0
       0
       0
       0
       0
       0
       0
       0
       0
       0
       0
       0
       0
       0
       0
       0
       1
       0
       0
       0
       0
       0
       1
       0
       0
       0
       1
       0
       0
       1
       0
       0
       0
       0
       0
       1
       0
       0
       0
       0
       1
       0
       0
       0
       0
       0
       0
       0
       0
       0
       0
       0
       0
       0
       0
       0
       0
       0
       0
       0
       0
       0
       0
       0
       0
       0
       1
       0
       1
       0
       0
       0
       0
       0
       0
       0
       1
       0
       0
       0
       0
       0
       0
       0
       0
       0
       0
       0
       1
       0
       0
       0
       0
       1
       0
       0
       0
       0
       0
       0
       0
       0
       0
       0
       0
       0
       0
       0
       0
       0
       0
       0
       0
       0
       0
       0
       0
       0
       0
       1
       0
       0
       0
       0
       0
       0
       0
       0
       0
       0
       0
       0
       0
       0
       0
       0
       0
       0
       0
       0
       0
       0
       0
       0
       0
       0
       1
       0
       0
       0
       0
       1
       0
       0
       0
       0
       0
       0
       0
       0
       0
       0
       0
       0
       0
       0
       0
       0
       0
       0
       0
       0
       0
       1
       0
       0
       0
       0
       0
       0
       0
       0
       0
       0
       0
       0
       0
       0
       0
       0
       0
       0
       0
       0
       0
       1
       0
       0
       0
       0
       0
       0
       0
       0
       0
       1
       0
       0
       0
       0
       0
       0
       0
       0
       0
       0
       0
       0
       0
       0
       0
       0
       0
       0
       0
       0
       0
       0
       1
       0
       0
       0
       0
       0
       0
       0
       0
       0
       0
       1
       0
       0
       0
       0
       0
       0
       0
       0
       0
       0
       0
       0
       0
       0
       0
       0
       0
       0
       0
       0
       0
       0
       0
       0
       0
       0
       0
       0
       0
       0
       0
       0
       0
       0
       0
       0
       0
       0
       0
       0
       0
       0
       0
